0 3420 1729241399 872016 16 -525452 0 0 -448966
0 1740 1729241399 903999 16 -526027 0 0 -448780
0 721 1729241399 919936 16 -526602 0 0 -420747
0 824 1729241399 935997 16 -527177 0 0 -448980
0 2021 1729241399 967963 16 -527752 0 0 -448760
0 3968 1729241399 983995 16 -528327 0 0 -420829
0 5657 1729241400 35 16 -528902 0 0 -421118
0 6412 1729241400 15993 16 -529477 0 0 -449041
0 6437 1729241400 47856 16 -530052 0 0 -449115
0 5379 1729241400 63896 16 -530627 0 0 -421146
0 3466 1729241400 79908 16 -531202 0 0 -421072
0 1930 1729241400 96041 16 -531777 0 0 -449092
0 786 1729241400 127886 16 -532352 0 0 -448407
0 572 1729241400 143889 16 -532927 0 0 -420680
0 1457 1729241400 159929 16 -533502 0 0 -448716
0 3180 1729241400 175847 16 -534077 0 0 -448688
0 5062 1729241400 207931 16 -534652 0 0 -449118
0 6312 1729241400 223886 16 -535227 0 0 -420820
0 6454 1729241400 239786 16 -535802 0 0 -448934
0 5526 1729241400 255909 16 -536377 0 0 -449427
0 3916 1729241400 287924 16 -536952 0 0 -449041
0 2085 1729241400 303891 16 -537526 0 0 -421366
0 742 1729241400 319957 16 -538101 0 0 -449421
0 587 1729241400 335976 16 -538676 0 0 -449201
0 1446 1729241400 367894 16 -539251 0 0 -449274
0 3133 1729241400 383896 16 -539826 0 0 -420981
0 4671 1729241400 399906 16 -540401 0 0 -449124
0 6105 1729241400 415902 16 -540976 0 0 -448930
0 6516 1729241400 447792 16 -541551 0 0 -448591
0 5778 1729241400 463805 16 -542126 0 0 -421040
0 4312 1729241400 479784 16 -542701 0 0 -449133
0 2443 1729241400 496274 16 -543276 0 0 -449091
0 1103 1729241400 527794 16 -543851 0 0 -447653
0 547 1729241400 543957 16 -544426 0 0 -420071
0 1071 1729241400 559768 16 -545001 0 0 -447508
0 2470 1729241400 591822 16 -545576 0 0 -448187
0 4135 1729241400 607863 16 -546151 0 0 -420098
0 5624 1729241400 623835 16 -546726 0 0 -419941
0 6488 1729241400 639769 16 -547301 0 0 -448019
0 6105 1729241400 671839 16 -547876 0 0 -448297
0 4557 1729241400 687726 16 -548451 0 0 -420085
0 2625 1729241400 703849 16 -549026 0 0 -422153
0 1191 1729241400 719846 16 -549601 0 0 -449374
0 555 1729241400 751884 16 -550176 0 0 -449950
0 1066 1729241400 767746 16 -550751 0 0 -421170
0 2912 1729241400 783742 16 -551326 0 0 -449782
0 5201 1729241400 799719 16 -551901 0 0 -449939
0 6457 1729241400 831933 16 -552476 0 0 -449922
0 5890 1729241400 847664 16 -553051 0 0 -421426
0 3907 1729241400 863696 16 -553626 0 0 -450524
0 1610 1729241400 879736 16 -554201 0 0 -450013
0 603 1729241400 911713 16 -554776 0 0 -450301
0 1785 1729241400 927651 16 -555351 0 0 -422234
0 4248 1729241400 943676 16 -555926 0 0 -450562
0 6095 1729241400 959765 16 -556501 0 0 -449986
0 6304 1729241400 991768 16 -557076 0 0 -449662
0 4553 1729241401 7789 16 -557651 0 0 -421502
0 2088 1729241401 23789 16 -558226 0 0 -449691
0 616 1729241401 39703 16 -558801 0 0 -448731
0 1463 1729241401 71700 16 -559375 0 0 -449048
0 3591 1729241401 87730 16 -559951 0 0 -421163
0 5526 1729241401 103759 16 -560525 0 0 -449017
0 6480 1729241401 119768 16 -561100 0 0 -448697
0 5414 1729241401 151780 16 -561675 0 0 -448753
0 3058 1729241401 167788 16 -562250 0 0 -420977
0 1149 1729241401 183775 16 -562825 0 0 -449028
0 626 1729241401 215766 16 -563400 0 0 -449147
0 1886 1729241401 231592 16 -563975 0 0 -421079
0 4079 1729241401 247751 16 -564550 0 0 -421491
0 5932 1729241401 263786 16 -565125 0 0 -448963
0 6452 1729241401 295623 16 -565700 0 0 -449043
0 5434 1729241401 311672 16 -566275 0 0 -421212
0 3430 1729241401 327568 16 -566850 0 0 -421072
0 2174 1729241401 343621 16 -567425 0 0 -449526
0 875 1729241401 375570 16 -568000 0 0 -449369
0 603 1729241401 391669 16 -568575 0 0 -421292
0 1370 1729241401 407656 16 -569150 0 0 -449015
0 2587 1729241401 423605 16 -569725 0 0 -448443
0 4217 1729241401 455641 16 -570300 0 0 -449175
0 4990 1729241401 471609 16 -570875 0 0 -421190
0 5903 1729241401 487649 16 -571450 0 0 -449235
0 6418 1729241401 503641 16 -572025 0 0 -449266
0 6537 1729241401 535675 16 -572600 0 0 -448927
0 6298 1729241401 551601 16 -573175 0 0 -421007
0 5631 1729241401 567872 16 -573750 0 0 -449299
0 5230 1729241401 583600 16 -574325 0 0 -448709
0 4573 1729241401 615622 16 -574900 0 0 -449634
0 3693 1729241401 631665 16 -575475 0 0 -421359
0 2801 1729241401 647690 16 -576050 0 0 -449317
0 2114 1729241401 663659 16 -576625 0 0 -449116
0 1373 1729241401 695614 16 -577200 0 0 -449365
0 984 1729241401 711482 16 -577775 0 0 -421301
0 602 1729241401 727827 16 -578350 0 0 -449874
0 504 1729241401 743616 16 -578925 0 0 -448428
0 669 1729241401 775536 16 -579500 0 0 -450113
0 880 1729241401 791756 16 -580075 0 0 -421136
0 1527 1729241401 807573 16 -580650 0 0 -448470
0 1933 1729241401 839593 16 -581225 0 0 -449270
0 2163 1729241401 855598 16 -581799 0 0 -421215
0 2881 1729241401 871475 16 -582375 0 0 -421187
0 3850 1729241401 887602 16 -582949 0 0 -449560
0 4797 1729241401 919557 16 -583524 0 0 -448650
0 5469 1729241401 935600 16 -584099 0 0 -421799
0 5862 1729241401 951617 16 -584674 0 0 -420898
0 6241 1729241401 967608 16 -585249 0 0 -448844
0 6387 1729241401 999461 16 -585824 0 0 -449638
0 6562 1729241402 16393 16 -586399 0 0 -421041
0 6450 1729241402 31496 16 -586974 0 0 -446093
0 6175 1729241402 47624 16 -587549 0 0 -449348
0 5580 1729241402 79417 16 -588124 0 0 -448566
0 5172 1729241402 95330 16 -588699 0 0 -421115
0 4557 1729241402 111251 16 -589274 0 0 -449458
0 3615 1729241402 127193 16 -589849 0 0 -449887
0 2954 1729241402 159095 16 -590424 0 0 -450151
0 2321 1729241402 175085 16 -590999 0 0 -422130
0 1595 1729241402 191035 16 -591574 0 0 -450111
0 1340 1729241402 206987 16 -592149 0 0 -453378
0 824 1729241402 238842 16 -592724 0 0 -450212
0 518 1729241402 254828 16 -593299 0 0 -422709
0 535 1729241402 270750 16 -593874 0 0 -450652
0 623 1729241402 302803 16 -594449 0 0 -450620
0 832 1729241402 318817 16 -595024 0 0 -422219
0 939 1729241402 334824 16 -595599 0 0 -421965
0 1072 1729241402 350772 16 -596174 0 0 -449931
0 1617 1729241402 382817 16 -596749 0 0 -450079
0 1900 1729241402 398768 16 -597324 0 0 -421787
0 2700 1729241402 414858 16 -597899 0 0 -421791
0 3583 1729241402 430693 16 -598474 0 0 -449425
0 4549 1729241402 462800 16 -599049 0 0 -449961
0 4845 1729241402 478763 16 -599624 0 0 -421516
0 5453 1729241402 494722 16 -600199 0 0 -449769
0 6244 1729241402 510660 16 -600774 0 0 -449962
0 6561 1729241402 542763 16 -601349 0 0 -450205
0 6526 1729241402 558764 16 -601924 0 0 -421856
0 6352 1729241402 574706 16 -602499 0 0 -449968
0 6128 1729241402 590698 16 -603074 0 0 -450000
0 5624 1729241402 622747 16 -603649 0 0 -450342
0 5195 1729241402 638741 16 -604223 0 0 -421589
0 4581 1729241402 654751 16 -604798 0 0 -449780
0 3707 1729241402 670750 16 -605374 0 0 -449712
0 2786 1729241402 702752 16 -605948 0 0 -449474
0 2467 1729241402 718764 16 -606523 0 0 -421177
0 1871 1729241402 734675 16 -607098 0 0 -449302
0 1607 1729241402 750674 16 -607673 0 0 -449619
0 1063 1729241402 782793 16 -608248 0 0 -449418
0 635 1729241402 798743 16 -608823 0 0 -421210
0 496 1729241402 814762 16 -609398 0 0 -449554
0 525 1729241402 830705 16 -609973 0 0 -449466
0 669 1729241402 863277 16 -610548 0 0 -449605
0 810 1729241402 878713 16 -611123 0 0 -421129
0 1178 1729241402 894669 16 -611698 0 0 -451259
0 1812 1729241402 926633 16 -612273 0 0 -451456
0 2607 1729241402 945656 16 -612848 0 0 -423097
0 3219 1729241402 966520 16 -613423 0 0 -414171
0 3822 1729241402 978615 16 -613998 0 0 -429260
0 4392 1729241403 8830 16 -614573 0 0 -447213
0 4893 1729241403 22628 16 -615148 0 0 -420862
0 5479 1729241403 38722 16 -615723 0 0 -429623
0 6150 1729241403 54728 16 -616298 0 0 -457864
0 6457 1729241403 86726 16 -616873 0 0 -455791
0 6557 1729241403 102644 16 -617448 0 0 -427562
0 6510 1729241403 118714 16 -618023 0 0 -455896
0 6312 1729241403 134748 16 -618598 0 0 -464575
0 5982 1729241403 166596 16 -619173 0 0 -477546
0 5018 1729241403 182601 16 -619748 0 0 -431475
0 4426 1729241403 198632 16 -620323 0 0 -457875
0 3573 1729241403 214646 16 -620898 0 0 -448805
0 2910 1729241403 246582 16 -621473 0 0 -449084
0 2474 1729241403 262582 16 -622048 0 0 -421085
0 1905 1729241403 278681 16 -622623 0 0 -449159
0 1028 1729241403 295028 16 -623198 0 0 -448525
0 735 1729241403 326553 16 -623773 0 0 -447577
0 532 1729241403 342598 16 -624348 0 0 -420043
0 509 1729241403 358694 16 -624923 0 0 -447828
0 648 1729241403 374659 16 -625498 0 0 -447511
0 821 1729241403 406671 16 -626072 0 0 -447645
0 1374 1729241403 422525 16 -626647 0 0 -419607
0 1862 1729241403 438527 16 -627222 0 0 -448144
0 2593 1729241403 454536 16 -627797 0 0 -448137
0 3469 1729241403 486660 16 -628372 0 0 -448451
0 3872 1729241403 502518 16 -628947 0 0 -421458
0 4328 1729241403 518640 16 -629522 0 0 -449614
0 5206 1729241403 550684 16 -630097 0 0 -449347
0 5716 1729241403 566621 16 -630672 0 0 -421567
0 6048 1729241403 582480 16 -631247 0 0 -421764
0 6392 1729241403 598715 16 -631822 0 0 -450349
0 6546 1729241403 630509 16 -632397 0 0 -449020
0 6566 1729241403 646541 16 -632972 0 0 -421132
0 6394 1729241403 662516 16 -633547 0 0 -421052
0 5951 1729241403 678532 16 -634122 0 0 -449324
0 5374 1729241403 710556 16 -634697 0 0 -448765
0 4848 1729241403 726535 16 -635272 0 0 -421093
0 4399 1729241403 742536 16 -635847 0 0 -449282
0 3813 1729241403 758665 16 -636422 0 0 -449056
0 2808 1729241403 790489 16 -636997 0 0 -448108
0 2019 1729241403 806640 16 -637572 0 0 -421000
0 1424 1729241403 822632 16 -638147 0 0 -448369
0 936 1729241403 838654 16 -638722 0 0 -448509
0 650 1729241403 870637 16 -639297 0 0 -448344
0 502 1729241403 886521 16 -639872 0 0 -420339
0 587 1729241403 902467 16 -640447 0 0 -448846
0 881 1729241403 918573 16 -641022 0 0 -448963
0 1294 1729241403 950440 16 -641597 0 0 -448597
0 2011 1729241403 966432 16 -642172 0 0 -421087
0 2896 1729241403 982552 16 -642747 0 0 -449036
0 3919 1729241403 998494 16 -643322 0 0 -449143
0 4487 1729241404 30404 16 -643897 0 0 -449319
0 4887 1729241404 46412 16 -644472 0 0 -421399
0 5257 1729241404 62401 16 -645047 0 0 -449432
0 5869 1729241404 78887 16 -645622 0 0 -449061
0 6373 1729241404 110468 16 -646197 0 0 -447215
0 6565 1729241404 126427 16 -646772 0 0 -419881
0 6526 1729241404 142385 16 -647347 0 0 -447984
0 6509 1729241404 174498 16 -647922 0 0 -448104
0 6321 1729241404 190504 16 -648496 0 0 -420298
0 5895 1729241404 206505 16 -649071 0 0 -420073
0 5405 1729241404 222430 16 -649646 0 0 -448067
0 4827 1729241404 254501 16 -650221 0 0 -448359
0 4320 1729241404 270486 16 -650796 0 0 -420182
0 3468 1729241404 286437 16 -651371 0 0 -421890
0 2816 1729241404 302455 16 -651946 0 0 -449766
0 2271 1729241404 334499 16 -652521 0 0 -449559
0 1338 1729241404 350490 16 -653096 0 0 -421296
0 881 1729241404 366502 16 -653671 0 0 -449552
0 571 1729241404 382413 16 -654246 0 0 -449531
0 488 1729241404 414345 16 -654821 0 0 -449848
0 547 1729241404 430395 16 -655396 0 0 -421567
0 899 1729241404 446346 16 -655971 0 0 -449531
0 1281 1729241404 462347 16 -656546 0 0 -449651
0 1817 1729241404 494778 16 -657121 0 0 -449475
0 2593 1729241404 510306 16 -657696 0 0 -421088
0 3392 1729241404 526354 16 -658271 0 0 -450910
0 3954 1729241404 542349 16 -658846 0 0 -450710
0 4767 1729241404 574439 16 -659421 0 0 -450770
0 5532 1729241404 590439 16 -659996 0 0 -422301
0 6182 1729241404 606427 16 -660571 0 0 -450317
0 6401 1729241404 622428 16 -661146 0 0 -450534
0 6571 1729241404 654427 16 -661721 0 0 -450358
0 6518 1729241404 670406 16 -662296 0 0 -422287
0 6294 1729241404 686339 16 -662871 0 0 -450810
0 5914 1729241404 702284 16 -663446 0 0 -449339
0 5367 1729241404 734444 16 -664021 0 0 -449701
0 5054 1729241404 750281 16 -664596 0 0 -421467
0 4224 1729241404 766596 16 -665171 0 0 -450200
0 3511 1729241404 798590 16 -665746 0 0 -449116
0 2786 1729241404 814599 16 -666321 0 0 -421003
0 2025 1729241404 830567 16 -666896 0 0 -420975
0 1231 1729241404 846275 16 -667471 0 0 -449163
0 852 1729241404 878238 16 -668046 0 0 -450133
0 520 1729241404 894237 16 -668621 0 0 -421853
0 490 1729241404 910245 16 -669196 0 0 -421663
0 604 1729241404 926286 16 -669771 0 0 -449851
0 916 1729241404 958360 16 -670346 0 0 -449129
0 1409 1729241404 974369 16 -670920 0 0 -422024
0 1983 1729241404 990371 16 -671495 0 0 -450063
0 2721 1729241405 6337 16 -672070 0 0 -450087
0 3195 1729241405 38230 16 -672645 0 0 -450095
0 3786 1729241405 54237 16 -673220 0 0 -421069
0 4203 1729241405 70262 16 -673795 0 0 -449088
0 4803 1729241405 86346 16 -674370 0 0 -448997
0 5375 1729241405 118248 16 -674945 0 0 -448732
0 6094 1729241405 134373 16 -675520 0 0 -420885
0 6383 1729241405 150262 16 -676095 0 0 -448639
0 6560 1729241405 166228 16 -676670 0 0 -449063
0 6546 1729241405 198407 16 -677245 0 0 -449190
0 6245 1729241405 214194 16 -677820 0 0 -420838
0 5712 1729241405 230199 16 -678395 0 0 -449578
0 5211 1729241405 246195 16 -678970 0 0 -449585
0 4862 1729241405 278702 16 -679545 0 0 -449686
0 4166 1729241405 294248 16 -680120 0 0 -421465
0 3301 1729241405 310234 16 -680695 0 0 -451095
0 2184 1729241405 342199 16 -681270 0 0 -451580
0 1569 1729241405 358309 16 -681845 0 0 -423142
0 1247 1729241405 374295 16 -682420 0 0 -422639
0 888 1729241405 390273 16 -682995 0 0 -450921
0 584 1729241405 422279 16 -683570 0 0 -450240
0 536 1729241405 438274 16 -684145 0 0 -422176
0 570 1729241405 454160 16 -684720 0 0 -422180
0 780 1729241405 470156 16 -685295 0 0 -451097
0 1169 1729241405 502167 16 -685870 0 0 -449471
0 1696 1729241405 518279 16 -686445 0 0 -421336
0 2490 1729241405 534242 16 -687020 0 0 -448991
0 3167 1729241405 550157 16 -687595 0 0 -449505
0 3986 1729241405 582209 16 -688170 0 0 -449755
0 4513 1729241405 598198 16 -688745 0 0 -421556
0 5229 1729241405 614156 16 -689320 0 0 -449676
0 5751 1729241405 630144 16 -689895 0 0 -449807
0 6260 1729241405 662107 16 -690470 0 0 -449446
0 6442 1729241405 678128 16 -691045 0 0 -421388
0 6542 1729241405 694160 16 -691620 0 0 -449400
0 6381 1729241405 710158 16 -692195 0 0 -449679
0 5744 1729241405 742213 16 -692770 0 0 -449556
0 5498 1729241405 758228 16 -693344 0 0 -421083
0 5096 1729241405 774204 16 -693919 0 0 -449152
0 4679 1729241405 790200 16 -694495 0 0 -449295
0 3506 1729241405 822211 16 -695069 0 0 -449064
0 2439 1729241405 838205 16 -695644 0 0 -420936
0 1706 1729241405 854219 16 -696219 0 0 -449001
0 1417 1729241405 870202 16 -696794 0 0 -449025
0 1010 1729241405 902182 16 -697369 0 0 -449197
0 663 1729241405 918227 16 -697944 0 0 -421131
0 494 1729241405 934187 16 -698519 0 0 -449147
0 550 1729241405 966150 16 -699094 0 0 -449340
0 792 1729241405 982089 16 -699669 0 0 -421114
0 1110 1729241405 998077 16 -700244 0 0 -421413
0 1476 1729241406 14024 16 -700819 0 0 -449541
0 1946 1729241406 46007 16 -701394 0 0 -449706
0 3003 1729241406 62035 16 -701969 0 0 -421694
0 3757 1729241406 78137 16 -702544 0 0 -421536
0 4418 1729241406 94071 16 -703119 0 0 -449239
0 4892 1729241406 126095 16 -703694 0 0 -449629
0 5466 1729241406 142106 16 -704269 0 0 -421391
0 5964 1729241406 158115 16 -704844 0 0 -449397
0 6434 1729241406 174127 16 -705419 0 0 -449150
0 6566 1729241406 206145 16 -705994 0 0 -449066
0 6339 1729241406 222039 16 -706569 0 0 -420787
0 5913 1729241406 238146 16 -707144 0 0 -449223
0 5483 1729241406 256215 16 -707719 0 0 -448948
0 5101 1729241406 286068 16 -708294 0 0 -442874
0 4211 1729241406 302155 16 -708869 0 0 -416584
0 3257 1729241406 318155 16 -709444 0 0 -444378
0 2425 1729241406 334115 16 -710019 0 0 -444417
0 1489 1729241406 366018 16 -710594 0 0 -444589
0 1101 1729241406 382070 16 -711169 0 0 -416640
0 928 1729241406 397960 16 -711744 0 0 -444550
0 552 1729241406 413971 16 -712319 0 0 -444564
0 582 1729241406 445964 16 -712894 0 0 -444899
0 943 1729241406 461945 16 -713469 0 0 -423259
0 1741 1729241406 477959 16 -714044 0 0 -449382
0 2244 1729241406 494045 16 -714619 0 0 -449637
0 2434 1729241406 525959 16 -715193 0 0 -449240
0 3105 1729241406 541970 16 -715768 0 0 -421098
0 4027 1729241406 558047 16 -716343 0 0 -449051
0 5091 1729241406 590063 16 -716918 0 0 -448964
0 5978 1729241406 605963 16 -717493 0 0 -420485
0 6245 1729241406 622089 16 -718068 0 0 -420876
0 6335 1729241406 637980 16 -718643 0 0 -448508
0 6544 1729241406 669970 16 -719218 0 0 -448826
0 6480 1729241406 686041 16 -719793 0 0 -420808
0 6257 1729241406 702060 16 -720368 0 0 -420957
0 5712 1729241406 718058 16 -720943 0 0 -448891
0 5166 1729241406 749943 16 -721518 0 0 -448936
0 4648 1729241406 765935 16 -722093 0 0 -421231
0 4287 1729241406 782013 16 -722668 0 0 -449349
0 3691 1729241406 797888 16 -723243 0 0 -448723
0 2599 1729241406 829952 16 -723818 0 0 -449604
0 1481 1729241406 845937 16 -724393 0 0 -421087
0 841 1729241406 861958 16 -724968 0 0 -449207
0 669 1729241406 877962 16 -725543 0 0 -449381
0 581 1729241406 909875 16 -726118 0 0 -449434
0 501 1729241406 925891 16 -726693 0 0 -421427
0 757 1729241406 941960 16 -727268 0 0 -449346
0 1367 1729241406 957992 16 -727843 0 0 -449077
0 2103 1729241406 989990 16 -728418 0 0 -449237
0 2558 1729241407 5996 16 -728993 0 0 -420721
0 3063 1729241407 21980 16 -729568 0 0 -448832
0 3762 1729241407 37970 16 -730143 0 0 -448835
0 4788 1729241407 69965 16 -730718 0 0 -448944
0 5360 1729241407 85975 16 -731293 0 0 -420886
0 6071 1729241407 101896 16 -731868 0 0 -448851
0 6349 1729241407 117909 16 -732443 0 0 -449186
0 6455 1729241407 149933 16 -733018 0 0 -449381
0 6542 1729241407 165861 16 -733593 0 0 -421396
0 6426 1729241407 181880 16 -734168 0 0 -449724
0 6110 1729241407 213850 16 -734743 0 0 -449679
0 5456 1729241407 229877 16 -735318 0 0 -421573
0 5108 1729241407 245824 16 -735893 0 0 -421443
0 4876 1729241407 261789 16 -736468 0 0 -449701
0 4249 1729241407 293839 16 -737043 0 0 -449859
0 2965 1729241407 309818 16 -737617 0 0 -421412
0 2239 1729241407 325787 16 -738192 0 0 -421531
0 1337 1729241407 341813 16 -738767 0 0 -449738
0 944 1729241407 373915 16 -739342 0 0 -449393
0 743 1729241407 389881 16 -739917 0 0 -421294
0 628 1729241407 405905 16 -740492 0 0 -449463
0 520 1729241407 421844 16 -741067 0 0 -449474
0 627 1729241407 453907 16 -741642 0 0 -449502
0 1141 1729241407 469894 16 -742217 0 0 -421248
0 1841 1729241407 485805 16 -742792 0 0 -449462
0 2116 1729241407 501939 16 -743367 0 0 -449702
0 2528 1729241407 533791 16 -743942 0 0 -449127
0 3839 1729241407 549797 16 -744517 0 0 -421272
0 4810 1729241407 565810 16 -745092 0 0 -449417
0 5380 1729241407 581846 16 -745667 0 0 -449252
0 6074 1729241407 613781 16 -746242 0 0 -449210
0 6241 1729241407 629764 16 -746817 0 0 -420976
0 6428 1729241407 645759 16 -747392 0 0 -449167
0 6527 1729241407 661787 16 -747967 0 0 -449139
0 6331 1729241407 693775 16 -748542 0 0 -448726
0 5994 1729241407 709768 16 -749117 0 0 -421127
0 5467 1729241407 725751 16 -749692 0 0 -449097
0 5098 1729241407 741848 16 -750267 0 0 -449178
0 4621 1729241407 773836 16 -750842 0 0 -448885
0 3645 1729241407 789782 16 -751417 0 0 -420946
0 2640 1729241407 805861 16 -751992 0 0 -449155
0 2026 1729241407 837836 16 -752567 0 0 -448819
0 1282 1729241407 853837 16 -753142 0 0 -420748
0 924 1729241407 869811 16 -753717 0 0 -420842
0 765 1729241407 885785 16 -754292 0 0 -448999
0 588 1729241407 917799 16 -754867 0 0 -449066
0 522 1729241407 933749 16 -755442 0 0 -420918
0 761 1729241407 949744 16 -756017 0 0 -421432
0 1501 1729241407 965760 16 -756592 0 0 -449516
0 1821 1729241407 997734 16 -757167 0 0 -449269
0 2322 1729241408 13677 16 -757742 0 0 -421492
0 3216 1729241408 29654 16 -758317 0 0 -449747
0 4313 1729241408 45739 16 -758892 0 0 -449831
0 4801 1729241408 77676 16 -759467 0 0 -449443
0 5421 1729241408 93723 16 -760042 0 0 -421331
0 5828 1729241408 109667 16 -760616 0 0 -449157
0 6192 1729241408 125667 16 -761191 0 0 -449179
0 6506 1729241408 157748 16 -761766 0 0 -449161
0 6431 1729241408 173755 16 -762341 0 0 -421070
0 6237 1729241408 189769 16 -762916 0 0 -449099
0 5743 1729241408 205763 16 -763491 0 0 -448849
0 5409 1729241408 237749 16 -764066 0 0 -448789
0 4819 1729241408 253757 16 -764641 0 0 -421022
0 4207 1729241408 269707 16 -765216 0 0 -449015
0 3285 1729241408 285789 16 -765791 0 0 -449453
0 2812 1729241408 317668 16 -766366 0 0 -448969
0 2107 1729241408 333701 16 -766941 0 0 -421000
0 1693 1729241408 349707 16 -767516 0 0 -449031
0 1027 1729241408 381655 16 -768091 0 0 -449035
0 577 1729241408 397609 16 -768666 0 0 -421053
0 533 1729241408 413648 16 -769241 0 0 -421194
0 638 1729241408 429558 16 -769816 0 0 -449121
0 1015 1729241408 461607 16 -770391 0 0 -449467
0 1142 1729241408 477625 16 -770966 0 0 -421172
0 1728 1729241408 493620 16 -771541 0 0 -421395
0 2362 1729241408 509649 16 -772116 0 0 -449382
0 3445 1729241408 541692 16 -772691 0 0 -449396
0 3982 1729241408 557580 16 -773266 0 0 -421304
0 4594 1729241408 573686 16 -773841 0 0 -449730
0 4863 1729241408 589697 16 -774416 0 0 -449198
0 5454 1729241408 621627 16 -774991 0 0 -449296
0 6054 1729241408 637681 16 -775566 0 0 -420964
0 6500 1729241408 653681 16 -776141 0 0 -448894
0 6560 1729241408 669686 16 -776716 0 0 -448957
0 6398 1729241408 701617 16 -777291 0 0 -448922
0 6113 1729241408 717636 16 -777866 0 0 -421008
0 5859 1729241408 733672 16 -778441 0 0 -449056
0 5238 1729241408 749565 16 -779016 0 0 -448534
0 4087 1729241408 781647 16 -779591 0 0 -449281
0 3247 1729241408 797609 16 -780166 0 0 -421172
0 2436 1729241408 813619 16 -780740 0 0 -449222
0 1881 1729241408 829643 16 -781315 0 0 -449376
0 1299 1729241408 861570 16 -781890 0 0 -449292
0 823 1729241408 877541 16 -782465 0 0 -421298
0 545 1729241408 893569 16 -783040 0 0 -449415
0 513 1729241408 909572 16 -783616 0 0 -449481
0 626 1729241408 941625 16 -784190 0 0 -449499
0 828 1729241408 957612 16 -784765 0 0 -420998
0 1282 1729241408 973615 16 -785340 0 0 -449192
0 1794 1729241409 5506 16 -785915 0 0 -449146
0 2459 1729241409 21553 16 -786490 0 0 -421201
0 3271 1729241409 37456 16 -787065 0 0 -421120
0 3806 1729241409 53578 16 -787640 0 0 -449475
0 4423 1729241409 85527 16 -788215 0 0 -448948
0 5093 1729241409 101622 16 -788790 0 0 -420917
0 5552 1729241409 117613 16 -789365 0 0 -420694
0 6103 1729241409 133571 16 -789940 0 0 -448848
0 6409 1729241409 165621 16 -790515 0 0 -448950
0 6561 1729241409 181752 16 -791090 0 0 -420841
0 6557 1729241409 197441 16 -791665 0 0 -448365
0 6301 1729241409 213427 16 -792240 0 0 -449642
0 5954 1729241409 245476 16 -792815 0 0 -449349
0 5235 1729241409 261450 16 -793390 0 0 -421655
