0 190 1729243412 11120 0 -762371 0 0 889830
0 314 1729243412 42998 0 -761172 0 0 900172
0 658 1729243412 58989 0 -759962 0 0 852596
0 521 1729243412 75116 0 -758739 0 0 917522
0 159 1729243412 91026 0 -757505 0 0 927009
0 379 1729243412 123139 0 -756260 0 0 937734
0 685 1729243412 139130 0 -755002 0 0 886422
0 357 1729243412 155125 0 -753733 0 0 953606
0 191 1729243412 187117 0 -752452 0 0 963973
0 633 1729243412 203074 0 -751159 0 0 911213
0 575 1729243412 219001 0 -749854 0 0 921915
0 179 1729243412 235223 0 -748537 0 0 991810
0 501 1729243412 267109 0 -747209 0 0 1000221
0 667 1729243412 283025 0 -745869 0 0 946326
0 214 1729243412 299102 0 -744517 0 0 956784
0 430 1729243412 315024 0 -743153 0 0 1028140
0 643 1729243412 347125 0 -741778 0 0 1039080
0 186 1729243412 363053 0 -740391 0 0 981454
0 395 1729243412 379082 0 -738992 0 0 1055542
0 628 1729243412 394974 0 -737581 0 0 1065301
0 216 1729243412 427125 0 -736158 0 0 1076008
0 412 1729243412 443077 0 -734724 0 0 1017786
0 608 1729243412 459053 0 -733278 0 0 1093758
0 200 1729243412 474998 0 -731819 0 0 1103724
0 430 1729243412 506964 0 -730350 0 0 1115111
0 712 1729243412 523007 0 -728868 0 0 1052616
0 574 1729243412 539004 0 -727375 0 0 1130515
0 316 1729243412 554949 0 -725869 0 0 1140374
0 189 1729243412 586947 0 -724353 0 0 1151388
0 142 1729243412 602944 0 -722824 0 0 1086141
0 174 1729243412 618893 0 -721283 0 0 1166967
0 348 1729243412 635001 0 -719731 0 0 1177379
0 501 1729243412 666965 0 -718167 0 0 1186394
0 690 1729243412 683053 0 -716591 0 0 1119482
0 727 1729243412 699035 0 -715003 0 0 1201272
0 646 1729243412 730979 0 -713404 0 0 1212190
0 479 1729243412 746905 0 -711792 0 0 1143941
0 273 1729243412 763025 0 -710169 0 0 1154616
0 128 1729243412 779029 0 -708534 0 0 1238433
0 155 1729243412 810963 0 -706888 0 0 1248618
0 328 1729243412 827054 0 -705229 0 0 1177744
0 471 1729243412 842895 0 -703559 0 0 1188198
0 648 1729243412 858957 0 -701877 0 0 1277064
0 722 1729243412 890888 0 -700183 0 0 1287626
0 619 1729243412 906936 0 -698477 0 0 1214778
0 403 1729243412 922917 0 -696760 0 0 1303104
0 218 1729243412 938932 0 -695031 0 0 1312919
0 125 1729243412 970894 0 -693290 0 0 1324300
0 179 1729243412 986881 0 -691536 0 0 1249345
0 377 1729243413 2913 0 -689772 0 0 1340577
0 568 1729243413 18817 0 -687995 0 0 1351602
0 708 1729243413 50959 0 -686207 0 0 1361359
0 718 1729243413 66857 0 -684408 0 0 1284022
0 573 1729243413 82976 0 -682596 0 0 1378629
0 357 1729243413 98976 0 -680772 0 0 1388265
0 147 1729243413 130955 0 -678937 0 0 1398416
0 124 1729243413 146944 0 -677089 0 0 1318849
0 274 1729243413 162853 0 -675230 0 0 1414771
0 470 1729243413 178821 0 -673360 0 0 1426027
0 685 1729243413 210867 0 -671477 0 0 1437093
0 716 1729243413 226918 0 -669583 0 0 1353778
0 591 1729243413 242844 0 -667677 0 0 1451865
0 340 1729243413 258927 0 -665759 0 0 1461952
0 150 1729243413 290833 0 -663829 0 0 1472646
0 174 1729243413 306839 0 -661887 0 0 1388550
0 376 1729243413 322913 0 -659935 0 0 1488810
0 562 1729243413 354787 0 -657969 0 0 1498250
0 714 1729243413 370817 0 -655993 0 0 1411454
0 669 1729243413 386832 0 -654004 0 0 1421074
0 467 1729243413 402860 0 -652003 0 0 1523953
0 225 1729243413 435153 0 -649991 0 0 1534553
0 132 1729243413 450879 0 -647967 0 0 1444310
0 221 1729243413 466804 0 -645931 0 0 1459098
0 491 1729243413 482868 0 -643884 0 0 1564838
0 658 1729243413 514922 0 -641824 0 0 1574655
0 687 1729243413 530897 0 -639753 0 0 1484500
0 564 1729243413 546876 0 -637670 0 0 1591370
0 329 1729243413 562892 0 -635575 0 0 1602354
0 137 1729243413 594901 0 -633469 0 0 1612585
0 169 1729243413 610803 0 -631350 0 0 1519882
0 410 1729243413 626929 0 -629220 0 0 1631240
0 663 1729243413 642854 0 -627078 0 0 1636493
0 717 1729243413 674756 0 -624925 0 0 1646894
0 490 1729243413 691068 0 -622759 0 0 1552610
0 332 1729243413 706845 0 -620582 0 0 1660188
0 139 1729243413 722773 0 -618392 0 0 1673342
0 215 1729243413 754779 0 -616192 0 0 1684298
0 401 1729243413 770831 0 -613979 0 0 1586876
0 666 1729243413 786729 0 -611754 0 0 1700020
0 691 1729243413 802677 4 -609518 0 0 1710490
0 529 1729243413 834787 4 -607270 0 0 1723192
0 235 1729243413 850789 0 -605010 0 0 1621921
0 137 1729243413 866780 0 -602738 0 0 1737682
0 226 1729243413 882657 0 -600455 0 0 1752226
0 494 1729243413 914658 0 -598159 0 0 1761291
0 685 1729243413 930613 0 -595852 0 0 1658119
0 669 1729243413 946548 0 -593533 0 0 1777186
0 409 1729243413 978401 0 -591202 0 0 1789170
0 183 1729243413 994440 4 -588860 0 0 1684293
0 172 1729243414 10436 0 -586506 0 0 1693370
0 372 1729243414 26419 0 -584140 0 0 1814509
0 629 1729243414 58447 0 -581762 0 0 1825135
0 715 1729243414 74341 0 -579373 0 0 1718609
0 534 1729243414 90351 0 -576971 0 0 1728788
0 217 1729243414 106463 0 -574558 0 0 1851642
0 141 1729243414 138282 0 -572133 0 0 1859709
0 291 1729243414 154352 0 -569696 0 0 1750815
0 624 1729243414 170330 0 -567248 0 0 1873953
0 711 1729243414 186294 0 -564788 0 0 1885194
0 524 1729243414 218419 0 -562315 0 0 1896130
0 229 1729243414 234408 0 -559831 0 0 1784474
0 152 1729243414 250285 0 -557336 0 0 1911745
0 332 1729243414 266288 0 -554828 0 0 1922430
0 616 1729243414 298374 0 -552309 0 0 1932882
0 714 1729243414 314289 0 -549778 0 0 1820965
0 490 1729243414 330374 0 -547235 0 0 1950960
0 225 1729243414 346337 0 -544680 0 0 1961132
0 139 1729243414 378442 0 -542114 0 0 1971734
0 411 1729243414 394369 0 -539536 0 0 1855152
0 655 1729243414 410378 0 -536945 0 0 1988522
0 673 1729243414 426377 0 -534344 0 0 1998564
0 354 1729243414 458377 0 -531730 0 0 2007034
0 136 1729243414 474277 0 -529105 0 0 1889258
0 217 1729243414 490259 0 -526467 0 0 2025242
0 486 1729243414 522174 0 -523818 0 0 2034559
0 708 1729243414 538224 0 -521157 0 0 1916643
0 577 1729243414 554278 0 -518485 0 0 1925601
0 273 1729243414 570251 0 -515800 0 0 2061459
0 142 1729243414 602200 0 -513104 0 0 2070998
0 338 1729243414 618333 0 -510396 0 0 1949575
0 648 1729243414 634352 0 -507676 0 0 1957720
0 681 1729243414 650250 0 -504945 0 0 2095930
0 415 1729243414 682321 0 -502201 0 0 2106380
0 148 1729243414 698322 0 -499446 0 0 1981621
0 252 1729243414 714323 0 -496679 0 0 2121541
0 574 1729243414 730233 0 -493900 0 0 2132786
0 708 1729243414 762302 0 -491110 0 0 2145464
0 508 1729243414 778236 0 -488307 0 0 2018308
0 156 1729243414 794316 0 -485493 0 0 2161813
0 212 1729243414 810174 0 -482667 0 0 2172982
0 574 1729243414 842170 0 -479830 0 0 2186130
0 709 1729243414 858228 0 -476980 0 0 2055620
0 523 1729243414 874230 0 -474119 0 0 2199782
0 225 1729243414 890313 0 -471246 0 0 2210115
0 170 1729243414 922165 0 -468361 0 0 2219030
0 470 1729243414 938142 0 -465465 0 0 2087091
0 705 1729243414 954176 0 -462556 0 0 2235011
0 548 1729243414 970149 0 -459636 0 0 2243620
0 215 1729243415 2257 0 -456704 0 0 2255828
0 166 1729243415 18168 0 -453760 0 0 2119563
0 523 1729243415 34273 0 -450804 0 0 2270672
0 704 1729243415 50176 0 -447837 0 0 2280144
0 459 1729243415 82251 0 -444858 0 0 2292305
0 185 1729243415 98246 0 -441867 0 0 2157724
0 204 1729243415 114246 0 -438864 0 0 2309014
0 506 1729243415 146250 0 -435850 0 0 2318859
0 708 1729243415 162230 0 -432823 0 0 2182092
0 461 1729243415 178267 0 -429785 0 0 2192331
0 149 1729243415 194182 0 -426735 0 0 2346228
0 298 1729243415 226226 0 -423673 0 0 2356562
0 628 1729243415 242277 0 -420600 0 0 2218548
0 669 1729243415 258228 0 -417514 0 0 2226265
0 335 1729243415 274165 0 -414417 0 0 2383932
0 159 1729243415 306120 0 -411308 0 0 2395392
0 392 1729243415 322108 0 -408188 0 0 2253615
0 675 1729243415 338113 0 -405055 0 0 2412017
0 633 1729243415 354118 0 -401910 0 0 2421999
0 312 1729243415 386092 0 -398755 0 0 2432844
0 162 1729243415 402095 0 -395587 0 0 2287037
0 500 1729243415 418205 0 -392407 0 0 2447683
0 701 1729243415 434180 0 -389215 0 0 2456863
0 489 1729243415 466205 0 -386012 0 0 2466775
0 157 1729243415 482177 0 -382797 0 0 2318822
0 304 1729243415 498179 0 -379570 0 0 2481953
0 649 1729243415 514181 0 -376331 0 0 2492035
0 612 1729243415 546165 0 -373081 0 0 2502345
0 242 1729243415 562188 0 -369818 0 0 2353742
0 197 1729243415 578191 0 -366544 0 0 2518196
0 538 1729243415 594191 0 -363259 0 0 2528448
0 663 1729243415 626080 0 -359962 0 0 2540831
0 317 1729243415 642046 0 -356652 0 0 2389732
0 143 1729243415 658053 0 -353331 0 0 2557879
0 432 1729243415 674022 0 -349998 0 0 2567536
0 690 1729243415 706049 0 -346653 0 0 2578561
0 507 1729243415 722052 0 -343297 0 0 2424947
0 183 1729243415 738039 0 -339928 0 0 2594483
0 267 1729243415 770022 0 -336548 0 0 2605562
0 628 1729243415 786034 0 -333156 0 0 2450534
0 670 1729243415 801994 0 -329752 0 0 2460735
0 315 1729243415 818111 0 -326337 0 0 2632883
0 175 1729243415 850126 0 -322910 0 0 2640114
0 512 1729243415 866115 0 -319470 0 0 2482658
0 694 1729243415 882105 0 -316020 0 0 2492510
0 397 1729243415 898090 0 -312557 0 0 2667176
0 160 1729243415 930080 0 -309083 0 0 2677810
0 497 1729243415 946106 0 -305597 0 0 2517731
0 687 1729243415 962121 0 -302098 0 0 2693163
0 357 1729243415 978121 0 -298588 0 0 2703443
0 149 1729243416 10125 0 -295067 0 0 2712959
0 458 1729243416 26092 0 -291533 0 0 2553257
0 685 1729243416 42090 0 -287988 0 0 2732274
0 386 1729243416 58006 0 -284431 0 0 2742535
0 159 1729243416 90009 0 -280862 0 0 2754514
0 446 1729243416 106010 0 -277281 0 0 2589775
0 686 1729243416 121998 0 -273689 0 0 2770267
0 395 1729243416 137965 0 -270085 0 0 2781339
0 179 1729243416 169973 0 -266469 0 0 2792741
0 483 1729243416 185984 0 -262841 0 0 2625998
0 656 1729243416 201974 0 -259202 0 0 2808588
0 337 1729243416 218037 0 -255550 0 0 2818545
0 200 1729243416 250051 0 -251887 0 0 2827450
0 549 1729243416 266063 0 -248212 0 0 2656440
0 639 1729243416 282064 0 -244525 0 0 2841392
0 303 1729243416 298015 0 -240826 0 0 2851840
0 231 1729243416 330057 0 -237116 0 0 2863041
0 588 1729243416 345943 0 -233394 0 0 2690686
0 598 1729243416 362062 0 -229660 0 0 2880847
0 214 1729243416 394063 0 -225914 0 0 2888840
0 316 1729243416 410002 0 -222157 0 0 2715417
0 661 1729243416 426004 16 -218388 0 0 2728581
0 471 1729243416 442010 16 -214613 0 0 2917822
0 167 1729243416 473949 16 -210839 0 0 2926450
0 432 1729243416 489904 16 -207065 0 0 2749871
0 683 1729243416 505998 16 -203291 0 0 2756048
0 335 1729243416 521930 16 -199517 0 0 2940950
0 203 1729243416 553913 16 -195743 0 0 2943812
0 591 1729243416 569935 16 -191969 0 0 2765068
0 629 1729243416 585874 16 -188194 0 0 2949773
0 234 1729243416 601906 16 -184420 0 0 2950263
0 289 1729243416 633886 16 -180646 0 0 2949475
0 646 1729243416 650003 16 -176872 0 0 2765452
0 552 1729243416 665961 16 -173097 0 0 2946798
0 185 1729243416 681987 16 -169323 0 0 2946729
0 360 1729243416 713967 16 -165549 0 0 2948284
0 685 1729243416 729966 16 -161775 0 0 2762548
0 449 1729243416 745946 16 -158001 0 0 2946751
0 164 1729243416 761950 16 -154226 0 0 2947718
0 461 1729243416 793889 16 -150453 0 0 2946118
0 680 1729243416 809855 16 -146678 0 0 2762977
0 347 1729243416 825822 16 -142904 0 0 2947924
0 187 1729243416 841911 16 -139130 0 0 2951265
0 521 1729243416 873850 16 -135356 0 0 2948256
0 643 1729243416 889874 16 -131581 0 0 2764977
0 298 1729243416 905876 16 -127807 0 0 2948587
0 257 1729243416 937817 16 -124033 0 0 2948518
0 622 1729243416 953891 16 -120259 0 0 2764022
0 603 1729243416 969811 16 -116485 0 0 2762515
0 209 1729243416 985828 16 -112711 0 0 2948244
0 353 1729243417 17888 16 -108936 0 0 2947165
0 693 1729243417 33922 16 -105162 0 0 2761781
0 446 1729243417 49950 16 -101388 0 0 2763039
0 165 1729243417 65929 16 -97613 0 0 2946369
0 421 1729243417 97924 16 -93839 0 0 2947405
0 668 1729243417 113820 16 -90066 0 0 2763154
0 348 1729243417 129926 16 -86291 0 0 2949600
0 166 1729243417 145905 16 -82517 0 0 2948871
0 517 1729243417 177983 16 -78742 0 0 2947602
0 652 1729243417 193947 16 -74968 0 0 2763170
0 258 1729243417 209950 16 -71194 0 0 2948623
0 220 1729243417 225824 16 -67420 0 0 2949336
0 611 1729243417 257751 16 -63646 0 0 2952807
0 586 1729243417 273768 16 -59872 0 0 2768467
0 202 1729243417 289757 16 -56098 0 0 2952373
0 291 1729243417 305725 16 -52323 0 0 2950215
0 655 1729243417 337762 16 -48549 0 0 2953379
0 549 1729243417 353754 16 -44775 0 0 2768307
0 183 1729243417 369727 16 -41001 0 0 2953217
0 364 1729243417 385818 16 -37226 0 0 2953106
0 669 1729243417 417727 16 -33453 0 0 2950994
0 415 1729243417 433735 16 -29679 0 0 2764317
0 175 1729243417 449832 16 -25904 0 0 2948086
0 503 1729243417 465746 16 -22130 0 0 2946256
0 621 1729243417 497747 16 -18356 0 0 2947897
0 246 1729243417 513824 16 -14582 0 0 2762875
0 235 1729243417 529795 16 -10807 0 0 2945697
0 622 1729243417 561670 16 -7033 0 0 2946182
0 559 1729243417 577852 16 -3259 0 0 2761907
0 162 1729243417 593758 16 515 0 0 2759943
0 402 1729243417 609753 16 4289 0 0 2945873
0 672 1729243417 641735 16 8062 0 0 2945977
0 458 1729243417 657774 16 11836 0 0 2764024
0 169 1729243417 673693 16 15611 0 0 2761234
0 473 1729243417 689729 16 19385 0 0 2947392
0 696 1729243417 721677 16 23159 0 0 2948233
0 386 1729243417 737736 16 26933 0 0 2763586
0 168 1729243417 753768 16 30707 0 0 2945787
0 538 1729243417 769757 16 34481 0 0 2949196
0 618 1729243417 801715 16 38255 0 0 2947272
0 228 1729243417 817799 16 42030 0 0 2763268
0 257 1729243417 833727 16 45804 0 0 2945517
0 651 1729243417 849731 16 49578 0 0 2947981
0 486 1729243417 881775 16 53352 0 0 2946014
0 168 1729243417 897697 16 57127 0 0 2762360
0 404 1729243417 913748 16 60901 0 0 2948143
0 685 1729243417 929725 16 64675 0 0 2948326
0 341 1729243417 961746 16 68449 0 0 2949592
0 206 1729243417 977770 16 72224 0 0 2764989
0 614 1729243417 993657 16 75999 0 0 2948521
0 594 1729243418 9774 16 79773 0 0 2953067
0 172 1729243418 41763 16 83547 0 0 2948726
0 397 1729243418 57638 16 87321 0 0 2764604
0 694 1729243418 73675 16 91095 0 0 2951987
0 426 1729243418 89716 16 94869 0 0 2949331
0 163 1729243418 121699 16 98643 0 0 2949560
0 528 1729243418 137691 16 102418 0 0 2764899
0 613 1729243418 153705 16 106192 0 0 2949433
0 251 1729243418 185551 16 109966 0 0 2949565
0 278 1729243418 201556 16 113740 0 0 2763558
0 638 1729243418 217738 16 117514 0 0 2766118
0 466 1729243418 233625 16 121288 0 0 2946187
0 163 1729243418 265705 16 125063 0 0 2946005
0 437 1729243418 281708 16 128836 0 0 2762069
0 685 1729243418 297688 16 132611 0 0 2763040
0 325 1729243418 313664 16 136385 0 0 2947632
0 177 1729243418 345721 16 140159 0 0 2948001
0 610 1729243418 361642 16 143933 0 0 2763718
0 567 1729243418 377649 16 147707 0 0 2948933
0 205 1729243418 393556 16 151481 0 0 2948887
0 388 1729243418 425659 16 155256 0 0 2955285
0 671 1729243418 441658 16 159030 0 0 2767697
0 366 1729243418 457509 16 162804 0 0 2952506
0 206 1729243418 473577 16 166579 0 0 2956040
0 580 1729243418 505592 16 170353 0 0 2954019
0 591 1729243418 521515 16 174126 0 0 2769053
0 215 1729243418 537566 16 177901 0 0 2955538
0 329 1729243418 553564 16 181675 0 0 2952539
0 677 1729243418 585532 16 185449 0 0 2952746
0 490 1729243418 601499 16 189224 0 0 2766449
0 178 1729243418 617671 16 192998 0 0 2952079
0 538 1729243418 633521 16 196772 0 0 2948136
0 627 1729243418 665632 16 200546 0 0 2948061
0 280 1729243418 681636 16 204320 0 0 2764707
0 210 1729243418 697619 16 208095 0 0 2949125
0 621 1729243418 713618 16 211869 0 0 2947636
0 564 1729243418 745597 16 215643 0 0 2948830
0 198 1729243418 761586 16 219417 0 0 2764628
0 383 1729243418 777625 16 223192 0 0 2949023
0 681 1729243418 809606 16 226967 0 0 2947463
0 373 1729243418 825534 16 230740 0 0 2767166
0 202 1729243418 841623 16 234514 0 0 2765344
0 575 1729243418 857466 16 238288 0 0 2948219
0 571 1729243418 889428 16 242062 0 0 2951866
0 188 1729243418 905430 16 245836 0 0 2767416
0 383 1729243418 921468 16 249611 0 0 2767445
0 678 1729243418 937459 16 253385 0 0 2950728
0 336 1729243418 969505 16 257159 0 0 2950584
0 188 1729243418 985459 16 260933 0 0 2766841
0 583 1729243419 1426 16 264707 0 0 2952120
0 590 1729243419 17537 16 268482 0 0 2951314
0 197 1729243419 49435 16 272256 0 0 2950813
0 363 1729243419 65553 16 276030 0 0 2763473
0 684 1729243419 81567 16 279804 0 0 2944833
0 407 1729243419 97537 16 283579 0 0 2944557
0 163 1729243419 129523 16 287352 0 0 2946024
0 548 1729243419 145542 16 291126 0 0 2761620
0 606 1729243419 161551 16 294900 0 0 2945725
0 235 1729243419 177554 16 298675 0 0 2944553
0 301 1729243419 209462 16 302449 0 0 2943624
0 658 1729243419 225424 16 306224 0 0 2762466
0 450 1729243419 241646 16 309998 0 0 2947032
0 181 1729243419 257982 16 313772 0 0 2944686
0 550 1729243419 289650 16 317546 0 0 2937330
0 585 1729243419 305354 16 321320 0 0 2754390
0 177 1729243419 321400 16 325094 0 0 2945534
0 297 1729243419 337409 16 328868 0 0 2944914
0 680 1729243419 369375 16 332642 0 0 2944817
0 445 1729243419 385411 16 336417 0 0 2760854
0 168 1729243419 401388 16 340191 0 0 2943723
0 483 1729243419 433510 16 343965 0 0 2943376
0 639 1729243419 449475 16 347739 0 0 2763443
0 298 1729243419 465474 16 351513 0 0 2771831
0 252 1729243419 481474 16 355288 0 0 2954297
0 626 1729243419 513438 16 359062 0 0 2947351
0 508 1729243419 529450 16 362836 0 0 2764337
0 178 1729243419 545484 16 366611 0 0 2764366
0 436 1729243419 561473 16 370385 0 0 2947617
0 659 1729243419 593460 16 374158 0 0 2948600
0 295 1729243419 609476 16 377933 0 0 2763916
0 239 1729243419 625468 16 381708 0 0 2948623
0 672 1729243419 641389 16 385482 0 0 2947999
0 411 1729243419 673319 16 389256 0 0 2949707
0 196 1729243419 689318 16 393030 0 0 2765834
0 592 1729243419 705286 16 396805 0 0 2950024
0 599 1729243419 721410 16 400578 0 0 2950843
0 199 1729243419 753327 16 404352 0 0 2948791
0 313 1729243419 769314 16 408127 0 0 2764886
0 647 1729243419 785313 16 411901 0 0 2949339
0 520 1729243419 801286 16 415674 0 0 2949535
0 193 1729243419 833440 16 419449 0 0 2950071
0 446 1729243419 849420 16 423224 0 0 2763131
0 666 1729243419 865421 16 426997 0 0 2947368
0 320 1729243419 881373 16 430772 0 0 2947322
0 186 1729243419 913319 16 434546 0 0 2947790
0 585 1729243419 929377 16 438320 0 0 2766659
0 618 1729243419 945294 16 442094 0 0 2949077
0 215 1729243419 961398 16 445868 0 0 2950699
0 261 1729243419 993401 16 449642 0 0 2948393
0 628 1729243420 9289 16 453417 0 0 2763427
0 498 1729243420 25397 16 457191 0 0 2951136
0 191 1729243420 57323 16 460965 0 0 2948302
0 509 1729243420 73272 16 464739 0 0 2764377
0 662 1729243420 89271 16 468513 0 0 2764446
0 298 1729243420 105239 16 472287 0 0 2948435
0 216 1729243420 137249 16 476061 0 0 2950505
0 594 1729243420 153299 16 479836 0 0 2764297
0 546 1729243420 169239 16 483610 0 0 2765529
0 183 1729243420 185236 16 487385 0 0 2951260
0 382 1729243420 217327 16 491158 0 0 2948634
0 683 1729243420 233375 16 494932 0 0 2766305
0 387 1729243420 249325 16 498707 0 0 2949150
0 188 1729243420 265215 16 502481 0 0 2949127
0 557 1729243420 297319 16 506255 0 0 2951655
0 610 1729243420 313330 16 510030 0 0 2766091
0 259 1729243420 329331 16 513804 0 0 2950124
0 293 1729243420 345340 16 517578 0 0 2951249
0 652 1729243420 377400 16 521352 0 0 2949556
0 460 1729243420 393350 16 525126 0 0 2764963
0 170 1729243420 409331 16 528900 0 0 2950918
0 473 1729243420 425274 16 532675 0 0 2952459
0 626 1729243420 457195 16 536449 0 0 2952621
0 273 1729243420 473210 16 540225 0 0 2766346
0 256 1729243420 489193 16 543997 0 0 2950632
0 634 1729243420 505171 16 547772 0 0 2951375
0 555 1729243420 537195 16 551546 0 0 2951905
0 176 1729243420 553195 16 555320 0 0 2767697
0 494 1729243420 569202 16 559094 0 0 2952319
0 662 1729243420 601182 16 562868 0 0 2951003
0 251 1729243420 617251 16 566642 0 0 2766305
0 240 1729243420 633278 16 570417 0 0 2763502
0 637 1729243420 649256 16 574191 0 0 2946604
0 546 1729243420 681279 16 577965 0 0 2947652
0 179 1729243420 697266 16 581739 0 0 2762752
0 484 1729243420 713252 16 585513 0 0 2762545
0 665 1729243420 729262 16 589288 0 0 2947381
0 298 1729243420 761285 16 593061 0 0 2947053
0 292 1729243420 777261 16 596835 0 0 2762804
0 671 1729243420 793264 16 600610 0 0 2947618
0 416 1729243420 809262 16 604384 0 0 2949034
0 170 1729243420 841189 16 608159 0 0 2949799
0 454 1729243420 857149 16 611932 0 0 2765386
0 664 1729243420 873146 16 615706 0 0 2950720
0 332 1729243420 889150 16 619481 0 0 2950587
0 196 1729243420 921122 16 623255 0 0 2950074
0 590 1729243420 937123 16 627029 0 0 2766286
0 587 1729243420 953127 16 630804 0 0 2950770
0 183 1729243420 969074 16 634578 0 0 2950027
0 516 1729243421 1209 16 638352 0 0 2951321
0 669 1729243421 17105 16 642126 0 0 2766126
0 249 1729243421 33204 16 645900 0 0 2952442
0 339 1729243421 49186 16 649674 0 0 2949252
0 643 1729243421 81234 16 653448 0 0 2949500
0 237 1729243421 97245 16 657224 0 0 2765136
0 382 1729243421 113069 16 660998 0 0 2948999
0 617 1729243421 129072 16 664772 0 0 2953024
0 208 1729243421 161204 16 668545 0 0 2952949
0 495 1729243421 177193 16 672320 0 0 2766738
0 581 1729243421 193140 16 676094 0 0 2952043
0 225 1729243421 225143 16 679867 0 0 2950759
0 434 1729243421 241071 16 683643 0 0 2768828
0 661 1729243421 257086 16 687417 0 0 2770079
0 268 1729243421 273127 16 691191 0 0 2954190
0 238 1729243421 305041 16 694965 0 0 2953501
0 642 1729243421 321071 16 698739 0 0 2765621
0 465 1729243421 337071 16 702513 0 0 2765098
0 282 1729243421 353037 16 706287 0 0 2950084
0 644 1729243421 385028 16 710061 0 0 2950615
0 465 1729243421 401155 16 713836 0 0 2765312
0 169 1729243421 417022 16 717610 0 0 2946606
0 531 1729243421 433135 16 721384 0 0 2948030
0 465 1729243421 465134 16 725158 0 0 2945790
0 171 1729243421 481106 16 728933 0 0 2762509
0 516 1729243421 497124 16 732707 0 0 2946936
0 632 1729243421 513068 16 736480 0 0 2947114
0 223 1729243421 545073 16 740255 0 0 2948507
0 585 1729243421 561142 16 744029 0 0 2763416
0 546 1729243421 577112 16 747803 0 0 2946010
0 199 1729243421 593058 16 751578 0 0 2949702
0 435 1729243421 625113 16 755352 0 0 2947861
0 644 1729243421 641017 16 759126 0 0 2765852
0 220 1729243421 656998 16 762900 0 0 2952300
0 272 1729243421 673009 16 766674 0 0 2952092
0 635 1729243421 704943 16 770448 0 0 2952350
0 345 1729243421 720962 16 774223 0 0 2767110
0 244 1729243421 736971 16 777997 0 0 2950979
0 673 1729243421 752971 16 781771 0 0 2952355
0 387 1729243421 784967 16 785545 0 0 2951565
0 162 1729243421 801067 16 789319 0 0 2766062
0 575 1729243421 816952 16 793093 0 0 2948366
0 513 1729243421 849067 16 796868 0 0 2948908
0 175 1729243421 865058 16 800641 0 0 2763484
0 541 1729243421 881059 16 804416 0 0 2764043
0 527 1729243421 897063 16 808190 0 0 2947867
0 239 1729243421 929048 16 811965 0 0 2948310
0 622 1729243421 945024 16 815739 0 0 2764326
0 295 1729243421 961064 16 819513 0 0 2764880
0 298 1729243421 977001 16 823287 0 0 2948215
0 660 1729243422 8979 16 827061 0 0 2951961
0 347 1729243422 24951 16 830835 0 0 2765044
0 355 1729243422 40923 16 834609 0 0 2950676
0 667 1729243422 56917 16 838385 0 0 2951213
0 314 1729243422 88915 16 842159 0 0 2951374
0 230 1729243422 104859 16 845933 0 0 2767102
0 621 1729243422 120893 16 849707 0 0 2952588
0 342 1729243422 136897 16 853481 0 0 2951253
0 313 1729243422 168876 16 857255 0 0 2952080
0 645 1729243422 185065 16 861029 0 0 2766466
0 326 1729243422 200991 16 864804 0 0 2946411
0 318 1729243422 216872 16 868578 0 0 2947477
0 672 1729243422 248931 16 872352 0 0 2949397
0 394 1729243422 265034 16 876126 0 0 2764642
0 216 1729243422 280976 16 879900 0 0 2946551
0 640 1729243422 296979 16 883674 0 0 2946597
0 394 1729243422 328948 16 887448 0 0 2947310
0 219 1729243422 345020 16 891224 0 0 2763401
0 645 1729243422 361024 16 894997 0 0 2945809
0 507 1729243422 377021 16 898771 0 0 2949923
0 174 1729243422 409001 16 902545 0 0 2948280
0 489 1729243422 425264 16 906319 0 0 2761356
0 608 1729243422 440895 16 910093 0 0 2940012
0 231 1729243422 472863 16 913867 0 0 2951070
0 343 1729243422 488868 16 917641 0 0 2765636
0 655 1729243422 504833 16 921416 0 0 2765688
0 346 1729243422 520890 16 925190 0 0 2950497
0 201 1729243422 552883 16 928964 0 0 2950937
0 585 1729243422 568866 16 932738 0 0 2766792
0 602 1729243422 584836 16 936512 0 0 2767115
0 216 1729243422 600971 16 940286 0 0 2951969
0 315 1729243422 632889 16 944061 0 0 2954942
0 674 1729243422 648892 16 947835 0 0 2762438
0 463 1729243422 664795 16 951609 0 0 2946462
0 191 1729243422 680910 16 955384 0 0 2948826
0 556 1729243422 712946 16 959158 0 0 2945388
0 585 1729243422 728909 16 962932 0 0 2762211
0 224 1729243422 744895 16 966706 0 0 2947303
0 343 1729243422 760918 16 970480 0 0 2947233
0 680 1729243422 792798 16 974255 0 0 2946110
0 362 1729243422 808785 16 978029 0 0 2765513
0 211 1729243422 826968 16 981803 0 0 2949616
0 606 1729243422 847574 16 985577 0 0 2905438
0 522 1729243422 876054 16 989352 0 0 2820785
0 187 1729243422 893900 16 993126 0 0 2661914
0 516 1729243422 905971 16 996900 0 0 2808275
0 598 1729243422 921420 16 1000674 0 0 2927382
0 199 1729243422 952848 16 1004448 0 0 2940204
0 359 1729243422 968850 16 1008223 0 0 2759762
0 675 1729243422 984760 16 1011997 0 0 2943299
0 400 1729243423 748 16 1015771 0 0 2945084
0 177 1729243423 32786 16 1019545 0 0 2989609
0 529 1729243423 48832 16 1023319 0 0 2887419
0 631 1729243423 64817 16 1027093 0 0 3047864
0 266 1729243423 96728 16 1030868 0 0 3086431
0 266 1729243423 112825 16 1034641 0 0 2782657
0 654 1729243423 128829 16 1038416 0 0 2767389
0 412 1729243423 144831 16 1042190 0 0 2948170
0 183 1729243423 176730 16 1045964 0 0 2948170
0 519 1729243423 192741 16 1049738 0 0 2762392
0 421 1729243423 208743 16 1053512 0 0 2761862
0 206 1729243423 224751 16 1057287 0 0 2946409
0 592 1729243423 256734 16 1061061 0 0 2947282
0 523 1729243423 272747 16 1064835 0 0 2762659
0 193 1729243423 288775 16 1068610 0 0 2946269
0 426 1729243423 304730 16 1072384 0 0 2947749
0 644 1729243423 336683 16 1076158 0 0 2948881
0 341 1729243423 352714 16 1079932 0 0 2764921
0 186 1729243423 368738 16 1083706 0 0 2947902
0 533 1729243423 384686 16 1087480 0 0 2947603
0 645 1729243423 416746 16 1091254 0 0 2948753
0 288 1729243423 432796 16 1095029 0 0 2764364
0 264 1729243423 448680 16 1098803 0 0 2947395
0 649 1729243423 464739 16 1102577 0 0 2950288
0 485 1729243423 496696 16 1106351 0 0 2949578
0 182 1729243423 512753 16 1110125 0 0 2764509
0 427 1729243423 528710 16 1113899 0 0 2947207
0 665 1729243423 544809 16 1117674 0 0 2949011
0 419 1729243423 576673 16 1121448 0 0 2947297
0 160 1729243423 592757 16 1125224 0 0 2762702
0 492 1729243423 608677 16 1128997 0 0 2945254
0 644 1729243423 640677 16 1132771 0 0 2948254
0 289 1729243423 656693 16 1136545 0 0 2761285
0 317 1729243423 672665 16 1140320 0 0 2762369
0 683 1729243423 688645 16 1144094 0 0 2947044
0 446 1729243423 720596 16 1147868 0 0 2948814
0 177 1729243423 736622 16 1151642 0 0 2763728
0 475 1729243423 752603 16 1155416 0 0 2765396
0 654 1729243423 768577 16 1159190 0 0 2949227
0 342 1729243423 800605 16 1162965 0 0 2951947
0 234 1729243423 816766 16 1166739 0 0 2765656
0 615 1729243423 832731 16 1170513 0 0 2946262
0 610 1729243423 848745 16 1174287 0 0 2947341
0 229 1729243423 880711 16 1178061 0 0 2946372
0 303 1729243423 896694 16 1181835 0 0 2761830
0 666 1729243423 912718 16 1185610 0 0 2946314
0 468 1729243423 928581 16 1189384 0 0 2946360
0 168 1729243423 960734 16 1193158 0 0 2949105
0 474 1729243423 976683 16 1196932 0 0 2763253
0 661 1729243423 992651 16 1200706 0 0 2948870
0 288 1729243424 8640 16 1204480 0 0 2953280
0 243 1729243424 40682 16 1208254 0 0 2952726
0 645 1729243424 56683 16 1212029 0 0 2768578
0 534 1729243424 72590 16 1215803 0 0 2952636
0 187 1729243424 88607 16 1219577 0 0 2954301
0 455 1729243424 120618 16 1223351 0 0 2954462
0 675 1729243424 136584 16 1227125 0 0 2766938
0 342 1729243424 152573 16 1230899 0 0 2952877
0 210 1729243424 168506 16 1234674 0 0 2952050
0 572 1729243424 200516 16 1238448 0 0 2952861
0 608 1729243424 216528 16 1242221 0 0 2768224
0 235 1729243424 232658 16 1245996 0 0 2952516
0 327 1729243424 264602 16 1249771 0 0 2949665
0 668 1729243424 280614 16 1253545 0 0 2763556
0 411 1729243424 296636 16 1257319 0 0 2763671
0 184 1729243424 312674 16 1261093 0 0 2947506
0 545 1729243424 344658 16 1264867 0 0 2945848
0 626 1729243424 360631 16 1268642 0 0 2761360
0 231 1729243424 376631 16 1272416 0 0 2760433
0 308 1729243424 392585 16 1276190 0 0 2944817
0 672 1729243424 424541 16 1279965 0 0 2946156
0 411 1729243424 440589 16 1283738 0 0 2764957
0 171 1729243424 456539 16 1287512 0 0 2947809
0 539 1729243424 472516 16 1291287 0 0 2949339
0 613 1729243424 504517 16 1295062 0 0 2950473
0 227 1729243424 520522 16 1298836 0 0 2767063
0 294 1729243424 536449 16 1302610 0 0 2951084
0 622 1729243424 552425 16 1306384 0 0 2952151
0 498 1729243424 584434 16 1310158 0 0 2952704
0 190 1729243424 600490 16 1313932 0 0 2767214
0 436 1729243424 616596 16 1317706 0 0 2950002
0 675 1729243424 632589 16 1321480 0 0 2948678
0 332 1729243424 664557 16 1325254 0 0 2947586
0 193 1729243424 680400 16 1329029 0 0 2762914
0 597 1729243424 696557 16 1332803 0 0 2950849
0 575 1729243424 712424 16 1336577 0 0 2947383
0 223 1729243424 744559 16 1340352 0 0 2948882
0 331 1729243424 760585 16 1344125 0 0 2763228
0 668 1729243424 776521 16 1347900 0 0 2947057
0 438 1729243424 792549 16 1351673 0 0 2949724
0 182 1729243424 824473 16 1355448 0 0 2951603
0 507 1729243424 840426 16 1359221 0 0 2767555
0 633 1729243424 856466 16 1362996 0 0 2952782
0 270 1729243424 888379 16 1366770 0 0 2948211
0 249 1729243424 904424 16 1370544 0 0 2768017
0 629 1729243424 920401 16 1374318 0 0 2763796
0 571 1729243424 936389 16 1378093 0 0 2949524
0 211 1729243424 968447 16 1381867 0 0 2950301
0 293 1729243424 984474 16 1385641 0 0 2764309
0 648 1729243425 418 16 1389416 0 0 2764331
0 575 1729243425 16501 16 1393190 0 0 2949514
0 219 1729243425 48499 16 1396964 0 0 2946428
0 292 1729243425 64476 16 1400738 0 0 2763081
0 618 1729243425 80476 16 1404512 0 0 2947387
0 586 1729243425 96480 16 1408286 0 0 2948420
0 231 1729243425 128505 16 1412061 0 0 2947797
0 261 1729243425 144512 16 1415835 0 0 2763100
0 603 1729243425 160503 16 1419609 0 0 2947549
0 608 1729243425 176405 16 1423384 0 0 2948378
0 253 1729243425 208346 16 1427158 0 0 2949355
0 200 1729243425 224379 16 1430932 0 0 2767320
0 562 1729243425 240369 16 1434706 0 0 2950827
0 666 1729243425 256335 16 1438480 0 0 2950527
0 413 1729243425 288489 16 1442254 0 0 2951312
0 170 1729243425 304711 16 1446029 0 0 2766195
0 352 1729243425 320584 16 1449803 0 0 2945572
0 642 1729243425 336312 16 1453577 0 0 2948682
0 576 1729243425 368350 16 1457351 0 0 2954751
0 271 1729243425 384415 16 1461125 0 0 2767984
0 212 1729243425 400354 16 1464899 0 0 2950429
0 501 1729243425 416444 16 1468674 0 0 2952696
0 675 1729243425 448432 16 1472448 0 0 2950404
0 390 1729243425 464386 16 1476223 0 0 2765460
0 168 1729243425 480406 16 1479996 0 0 2951536
0 394 1729243425 512402 16 1483771 0 0 2956217
0 674 1729243425 528416 16 1487544 0 0 2768965
0 487 1729243425 544419 16 1491318 0 0 2762269
0 164 1729243425 560430 16 1495093 0 0 2946794
0 314 1729243425 592430 16 1498867 0 0 2948032
0 655 1729243425 608375 16 1502641 0 0 2762246
0 523 1729243425 624287 16 1506415 0 0 2765579
0 197 1729243425 640318 16 1510190 0 0 2951875
0 303 1729243425 672281 16 1513964 0 0 2950197
0 615 1729243425 688324 16 1517738 0 0 2766496
0 624 1729243425 704318 16 1521512 0 0 2949811
0 280 1729243425 720327 16 1525286 0 0 2950272
0 196 1729243425 752265 16 1529060 0 0 2950036
0 503 1729243425 768277 16 1532834 0 0 2766369
0 679 1729243425 784351 16 1536609 0 0 2950468
0 427 1729243425 800283 16 1540383 0 0 2947500
0 178 1729243425 832376 16 1544157 0 0 2946937
0 385 1729243425 848356 16 1547931 0 0 2762838
0 651 1729243425 864360 16 1551705 0 0 2947363
0 552 1729243425 880353 16 1555479 0 0 2948259
0 226 1729243425 912341 16 1559254 0 0 2948380
0 288 1729243425 928376 16 1563028 0 0 2764379
0 627 1729243425 944379 16 1566803 0 0 2947591
0 615 1729243425 960378 16 1570577 0 0 2947701
0 276 1729243425 992335 16 1574351 0 0 2949421
0 191 1729243426 8345 16 1578125 0 0 2763818
0 482 1729243426 24233 16 1581899 0 0 2948399
0 688 1729243426 40234 16 1585673 0 0 2950536
0 489 1729243426 72249 16 1589447 0 0 2950605
0 200 1729243426 88345 16 1593223 0 0 2766080
0 258 1729243426 104532 16 1596997 0 0 2948090
0 610 1729243426 136231 16 1600771 0 0 2944540
0 665 1729243426 152168 16 1604545 0 0 2762081
0 360 1729243426 168205 16 1608318 0 0 2763417
0 162 1729243426 184311 16 1612093 0 0 2946694
0 405 1729243426 216289 16 1615867 0 0 2944498
0 674 1729243426 232306 16 1619641 0 0 2757750
0 587 1729243426 248306 16 1623415 0 0 2757381
0 266 1729243426 264306 16 1627190 0 0 2941745
0 185 1729243426 296143 16 1630964 0 0 2943943
0 456 1729243426 312186 16 1634738 0 0 2764867
0 681 1729243426 328295 16 1638512 0 0 2946407
0 494 1729243426 344299 16 1642286 0 0 2942554
0 221 1729243426 376304 16 1646060 0 0 2943215
0 194 1729243426 392291 16 1649835 0 0 2761383
0 500 1729243426 408225 16 1653609 0 0 2945833
0 678 1729243426 424227 16 1657383 0 0 2947751
0 473 1729243426 456175 16 1661157 0 0 2947607
0 184 1729243426 472126 16 1664931 0 0 2763630
0 299 1729243426 488126 16 1668705 0 0 2948096
0 631 1729243426 504228 16 1672479 0 0 2949084
0 624 1729243426 536125 16 1676253 0 0 2949243
0 263 1729243426 552100 16 1680028 0 0 2765702
0 197 1729243426 568143 16 1683802 0 0 2950536
0 483 1729243426 584129 16 1687576 0 0 2949248
0 681 1729243426 616137 16 1691351 0 0 2948142
0 478 1729243426 632180 16 1695125 0 0 2763865
0 179 1729243426 648191 16 1698899 0 0 2946855
0 288 1729243426 680152 16 1702673 0 0 2945469
0 614 1729243426 696172 16 1706447 0 0 2761417
0 606 1729243426 712141 16 1710221 0 0 2763291
0 305 1729243426 728225 16 1713996 0 0 2947738
0 171 1729243426 760236 16 1717770 0 0 2945236
0 438 1729243426 776221 16 1721544 0 0 2761883
0 679 1729243426 792218 16 1725318 0 0 2761809
0 500 1729243426 808121 16 1729092 0 0 2946201
0 221 1729243426 840074 16 1732867 0 0 2949535
0 245 1729243426 856073 16 1736641 0 0 2765782
0 555 1729243426 872063 16 1740415 0 0 2949858
0 678 1729243426 888077 16 1744189 0 0 2950548
0 409 1729243426 922690 16 1747964 0 0 2949511
0 173 1729243426 936029 16 1751738 0 0 2753247
0 403 1729243426 952067 16 1755512 0 0 3011110
0 674 1729243426 968080 16 1759286 0 0 3009891
0 444 1729243427 155 16 1763060 0 0 3009523
0 176 1729243427 16034 16 1766834 0 0 2822468
0 379 1729243427 32164 16 1770609 0 0 3009382
0 679 1729243427 48147 16 1774383 0 0 3006388
0 423 1729243427 80140 16 1778157 0 0 3006550
0 169 1729243427 96134 16 1781931 0 0 2822537
0 313 1729243427 112088 16 1785705 0 0 3020864
0 596 1729243427 128167 16 1789479 0 0 2948404
0 662 1729243427 160153 16 1793253 0 0 2947466
0 392 1729243427 176065 16 1797028 0 0 2763618
0 181 1729243427 192088 16 1800802 0 0 2950364
0 438 1729243427 208010 16 1804577 0 0 2947026
0 676 1729243427 239994 16 1808350 0 0 2951704
0 439 1729243427 255980 16 1812124 0 0 2767126
0 161 1729243427 271981 16 1815899 0 0 2951784
0 434 1729243427 304188 16 1819672 0 0 2951525
0 684 1729243427 319976 16 1823447 0 0 2765049
0 419 1729243427 335982 16 1827221 0 0 2771809
0 160 1729243427 351934 16 1830996 0 0 2955916
0 395 1729243427 383925 16 1834770 0 0 2954987
0 666 1729243427 400114 16 1838544 0 0 2771193
0 532 1729243427 416089 16 1842318 0 0 2765183
0 226 1729243427 432076 16 1846092 0 0 2949945
0 272 1729243427 464091 16 1849866 0 0 2949824
0 584 1729243427 480065 16 1853640 0 0 2765581
0 644 1729243427 496113 16 1857415 0 0 2951692
0 373 1729243427 512019 16 1861189 0 0 2945641
0 174 1729243427 544084 16 1864963 0 0 2947859
0 429 1729243427 560092 16 1868737 0 0 2762099
0 678 1729243427 576071 16 1872511 0 0 2946141
0 533 1729243427 592072 16 1876286 0 0 2951025
0 206 1729243427 623929 16 1880060 0 0 2950426
0 276 1729243427 639968 16 1883834 0 0 2766676
0 603 1729243427 655950 16 1887608 0 0 2950143
0 611 1729243427 671925 16 1891382 0 0 2949861
0 293 1729243427 704232 16 1895157 0 0 2951638
0 188 1729243427 719932 16 1898932 0 0 2763479
0 473 1729243427 735932 16 1902706 0 0 2955173
0 668 1729243427 751882 16 1906480 0 0 2955357
0 398 1729243427 783942 16 1910253 0 0 2955832
0 159 1729243427 799993 16 1914028 0 0 2771282
0 378 1729243427 815950 16 1917802 0 0 2953561
0 672 1729243427 831856 16 1921577 0 0 2955548
0 534 1729243427 863707 16 1925350 0 0 2957213
0 195 1729243427 879710 16 1929124 0 0 2773123
0 243 1729243427 895655 16 1932899 0 0 2959132
0 585 1729243427 927646 16 1936673 0 0 2953360
0 638 1729243427 943636 16 1940447 0 0 2769135
0 284 1729243427 959640 16 1944221 0 0 2768308
0 230 1729243427 975616 16 1947996 0 0 2952887
0 579 1729243428 7520 16 1951769 0 0 2954514
0 624 1729243428 23542 16 1955544 0 0 2769749
0 320 1729243428 39520 16 1959318 0 0 2767163
0 210 1729243428 55466 16 1963092 0 0 2951086
0 593 1729243428 87474 16 1966866 0 0 2952305
0 578 1729243428 103485 16 1970640 0 0 2766711
0 238 1729243428 119475 16 1974414 0 0 2950683
0 298 1729243428 135444 16 1978189 0 0 2950781
0 627 1729243428 167610 16 1981963 0 0 2951491
0 468 1729243428 183610 16 1985737 0 0 2765807
0 182 1729243428 199587 16 1989511 0 0 2949480
0 418 1729243428 215559 16 1993285 0 0 2950517
0 675 1729243428 247558 16 1997060 0 0 2950753
0 394 1729243428 263577 16 2000833 0 0 2765185
0 189 1729243428 279558 16 2004608 0 0 2949169
0 518 1729243428 295560 16 2008382 0 0 2949860
0 660 1729243428 327574 16 2012157 0 0 2949584
0 351 1729243428 343612 16 2015930 0 0 2764461
0 227 1729243428 359476 16 2019705 0 0 2948914
0 589 1729243428 375564 16 2023479 0 0 2952073
0 593 1729243428 407462 16 2027253 0 0 2949527
0 234 1729243428 423459 16 2031027 0 0 2765095
0 269 1729243428 439447 16 2034802 0 0 2949582
0 616 1729243428 471408 16 2038576 0 0 2950198
0 475 1729243428 487425 16 2042350 0 0 2765708
0 202 1729243428 503439 16 2046124 0 0 2765265
0 394 1729243428 519371 16 2049899 0 0 2949447
0 648 1729243428 551412 16 2053673 0 0 2951796
0 360 1729243428 567526 16 2057448 0 0 2764172
0 206 1729243428 583568 16 2061221 0 0 2763484
0 560 1729243428 599517 16 2064995 0 0 2946207
0 639 1729243428 631485 16 2068770 0 0 2947316
0 244 1729243428 647486 16 2072544 0 0 2762947
0 282 1729243428 663527 16 2076318 0 0 2946976
0 661 1729243428 679487 16 2080092 0 0 2946426
0 532 1729243428 711517 16 2083866 0 0 2947574
0 202 1729243428 727493 16 2087640 0 0 2761551
0 386 1729243428 743488 16 2091414 0 0 2946569
0 664 1729243428 759483 16 2095189 0 0 2949486
0 410 1729243428 791396 16 2098963 0 0 2950566
0 190 1729243428 807372 16 2102737 0 0 2765515
0 466 1729243428 823382 16 2106511 0 0 2950161
0 661 1729243428 839387 16 2110285 0 0 2949954
0 321 1729243428 871345 16 2114059 0 0 2950781
0 238 1729243428 887339 16 2117833 0 0 2765822
0 586 1729243428 903309 16 2121608 0 0 2950508
0 580 1729243428 919295 16 2125382 0 0 2950647
0 217 1729243428 951346 16 2129156 0 0 2950757
0 361 1729243428 967322 16 2132930 0 0 2766071
0 655 1729243428 983439 16 2136705 0 0 2950497
0 417 1729243428 999357 16 2140478 0 0 2947171
0 198 1729243429 31407 16 2144253 0 0 2949398
0 525 1729243429 47412 16 2148027 0 0 2764948
0 643 1729243429 63423 16 2151801 0 0 2948868
0 296 1729243429 95333 16 2155576 0 0 2948477
0 226 1729243429 111473 16 2159350 0 0 2764027
0 608 1729243429 127443 16 2163123 0 0 2760411
0 587 1729243429 143399 16 2166898 0 0 2945771
0 216 1729243429 175330 16 2170672 0 0 2946136
0 291 1729243429 191351 16 2174446 0 0 2765029
0 622 1729243429 207296 16 2178220 0 0 2762550
0 520 1729243429 223319 16 2181995 0 0 2948484
0 199 1729243429 255264 16 2185769 0 0 2948070
0 380 1729243429 271248 16 2189543 0 0 2764265
0 665 1729243429 287254 16 2193318 0 0 2948490
0 399 1729243429 303250 16 2197091 0 0 2951548
0 184 1729243429 335223 16 2200866 0 0 2950947
0 486 1729243429 351379 16 2204641 0 0 2765858
0 643 1729243429 367280 16 2208415 0 0 2946178
0 305 1729243429 383382 16 2212189 0 0 2948956
0 238 1729243429 415354 16 2215963 0 0 2945252
0 580 1729243429 431291 16 2219737 0 0 2761665
0 582 1729243429 447344 16 2223511 0 0 2947082
0 226 1729243429 463337 16 2227285 0 0 2945399
0 304 1729243429 495350 16 2231059 0 0 2945796
0 644 1729243429 511394 16 2234834 0 0 2761303
0 489 1729243429 527289 16 2238608 0 0 2944365
0 184 1729243429 543345 16 2242382 0 0 2950358
0 370 1729243429 575276 16 2246157 0 0 2946875
0 670 1729243429 591240 16 2249930 0 0 2765282
0 417 1729243429 607246 16 2253704 0 0 2950229
0 168 1729243429 623209 16 2257479 0 0 2948732
0 462 1729243429 655182 16 2261253 0 0 2950803
0 679 1729243429 671207 16 2265027 0 0 2766520
0 366 1729243429 687195 16 2268802 0 0 2950346
0 207 1729243429 719160 16 2272575 0 0 2951535
0 536 1729243429 735293 16 2276350 0 0 2765074
0 629 1729243429 751294 16 2280123 0 0 2763127
0 273 1729243429 767211 16 2283898 0 0 2947129
0 261 1729243429 799202 16 2287672 0 0 2948220
0 613 1729243429 815273 16 2291446 0 0 2764035
0 566 1729243429 831290 16 2295220 0 0 2761553
0 207 1729243429 847270 16 2298995 0 0 2945381
0 320 1729243429 879291 16 2302769 0 0 2946320
0 655 1729243429 895280 16 2306543 0 0 2761742
0 501 1729243429 911322 16 2310317 0 0 2946023
0 179 1729243429 927291 16 2314091 0 0 2948193
0 359 1729243429 959307 16 2317865 0 0 2948834
0 660 1729243429 975283 16 2321640 0 0 2762591
0 459 1729243429 991145 16 2325414 0 0 2947371
0 186 1729243430 7156 16 2329189 0 0 2952304
0 458 1729243430 39124 16 2332963 0 0 2952344
0 660 1729243430 55140 16 2336737 0 0 2767790
0 383 1729243430 71145 16 2340511 0 0 2951820
0 231 1729243430 87165 16 2344284 0 0 2951354
0 556 1729243430 119112 16 2348059 0 0 2951956
0 596 1729243430 135247 16 2351833 0 0 2767269
0 267 1729243430 151139 16 2355609 0 0 2948700
0 296 1729243430 167155 16 2359383 0 0 2950651
0 643 1729243430 199241 16 2363156 0 0 2946880
0 514 1729243430 215217 16 2366930 0 0 2762362
0 188 1729243430 231199 16 2370704 0 0 2947008
0 375 1729243430 247223 16 2374478 0 0 2947792
0 665 1729243430 279228 16 2378253 0 0 2947550
0 452 1729243430 295209 16 2382027 0 0 2763606
0 188 1729243430 311245 16 2385802 0 0 2948114
0 454 1729243430 343198 16 2389575 0 0 2950079
0 650 1729243430 359170 16 2393350 0 0 2763617
0 354 1729243430 375158 16 2397123 0 0 2764631
0 212 1729243430 391060 16 2400897 0 0 2949679
0 549 1729243430 423082 16 2404672 0 0 2951495
0 639 1729243430 439063 16 2408446 0 0 2766676
0 263 1729243430 455066 16 2412220 0 0 2767568
0 277 1729243430 471099 16 2415995 0 0 2951903
0 644 1729243430 503038 16 2419769 0 0 2950609
0 533 1729243430 519019 16 2423542 0 0 2767559
0 231 1729243430 535011 16 2427317 0 0 2952052
0 374 1729243430 551152 16 2431091 0 0 2951689
0 655 1729243430 583145 16 2434865 0 0 2948192
0 469 1729243430 599173 16 2438639 0 0 2761586
0 202 1729243430 615221 16 2442414 0 0 2945443
0 411 1729243430 631131 16 2446188 0 0 2943903
0 651 1729243430 663144 16 2449962 0 0 2945959
0 381 1729243430 679130 16 2453736 0 0 2762366
0 189 1729243430 695045 16 2457510 0 0 2946663
0 484 1729243430 711170 16 2461285 0 0 2948193
0 651 1729243430 743150 16 2465059 0 0 2945152
0 314 1729243430 759117 16 2468833 0 0 2764209
0 212 1729243430 775015 16 2472607 0 0 2949208
0 569 1729243430 791065 16 2476382 0 0 2952217
0 599 1729243430 823024 16 2480156 0 0 2952172
0 238 1729243430 839014 16 2483930 0 0 2766046
0 302 1729243430 854999 16 2487705 0 0 2950726
0 642 1729243430 886989 16 2491478 0 0 2950651
0 532 1729243430 902991 16 2495252 0 0 2764365
0 192 1729243430 918962 16 2499027 0 0 2767274
0 391 1729243430 934940 16 2502801 0 0 2952105
0 674 1729243430 967000 16 2506576 0 0 2951949
0 441 1729243430 983099 16 2510350 0 0 2764864
0 180 1729243430 999098 16 2514124 0 0 2763745
0 482 1729243431 15098 16 2517898 0 0 2947809
0 661 1729243431 47056 16 2521672 0 0 2947481
0 348 1729243431 63031 16 2525446 0 0 2763198
0 191 1729243431 78958 16 2529220 0 0 2947994
0 493 1729243431 95069 16 2532995 0 0 2949730
0 662 1729243431 126993 16 2536769 0 0 2946522
0 346 1729243431 143081 16 2540543 0 0 2762078
0 222 1729243431 158973 16 2544317 0 0 2944684
0 561 1729243431 174975 16 2548091 0 0 2949455
0 620 1729243431 207928 16 2551865 0 0 2949386
0 243 1729243431 223943 16 2555639 0 0 2759779
0 288 1729243431 239649 16 2559414 0 0 2943567
0 625 1729243431 254953 16 2563188 0 0 2949889
0 533 1729243431 286956 16 2566962 0 0 2964863
0 196 1729243431 302920 16 2570736 0 0 2783107
0 383 1729243431 318953 16 2574510 0 0 2967777
0 661 1729243431 335022 16 2578284 0 0 2969035
0 422 1729243431 367013 16 2582058 0 0 2964947
0 195 1729243431 383044 16 2585833 0 0 2780817
0 465 1729243431 399059 16 2589607 0 0 2969711
0 658 1729243431 415128 16 2593381 0 0 2969613
0 347 1729243431 447003 16 2597156 0 0 2961229
0 199 1729243431 463000 16 2600929 0 0 2760864
0 485 1729243431 478909 16 2604704 0 0 2945325
0 650 1729243431 511017 16 2608478 0 0 2946602
0 315 1729243431 527017 16 2612252 0 0 2762464
0 210 1729243431 543017 16 2616026 0 0 2764046
0 569 1729243431 558869 16 2619801 0 0 2948321
0 608 1729243431 590867 16 2623575 0 0 2952474
0 254 1729243431 606866 16 2627349 0 0 2768554
0 282 1729243431 622882 16 2631123 0 0 2770062
0 635 1729243431 638858 16 2634897 0 0 2953298
0 526 1729243431 670880 16 2638671 0 0 2953684
0 197 1729243431 686848 16 2642446 0 0 2767221
0 372 1729243431 702810 16 2646220 0 0 2952857
0 668 1729243431 718814 16 2649995 0 0 2953832
0 470 1729243431 750912 16 2653769 0 0 2953642
0 182 1729243431 766943 16 2657543 0 0 2765362
0 427 1729243431 782916 16 2661317 0 0 2948915
0 662 1729243431 798812 16 2665091 0 0 2949515
0 384 1729243431 830933 16 2668865 0 0 2952294
0 197 1729243431 846894 16 2672639 0 0 2766769
0 531 1729243431 862909 16 2676414 0 0 2952122
0 636 1729243431 878937 16 2680188 0 0 2951039
0 319 1729243431 910947 16 2683962 0 0 2949420
0 254 1729243431 926957 16 2687736 0 0 2765177
0 570 1729243431 942943 16 2691510 0 0 2949787
0 571 1729243431 958817 16 2695284 0 0 2950822
0 256 1729243431 990804 16 2699058 0 0 2953124
0 306 1729243432 6780 16 2702833 0 0 2766560
0 640 1729243432 23367 16 2706607 0 0 2952085
0 476 1729243432 38764 16 2710381 0 0 2938043
0 184 1729243432 70811 16 2714156 0 0 2952924
0 452 1729243432 86801 16 2717929 0 0 2768971
0 672 1729243432 102752 16 2721703 0 0 2953537
0 352 1729243432 134818 16 2725478 0 0 2954997
0 196 1729243432 150859 16 2729252 0 0 2770018
0 513 1729243432 166864 16 2733026 0 0 2766150
0 642 1729243432 182866 16 2736801 0 0 2950286
0 309 1729243432 214885 16 2740575 0 0 2949687
0 221 1729243432 230858 16 2744349 0 0 2778343
0 544 1729243432 246777 16 2748123 0 0 2764431
0 653 1729243432 262855 16 2751897 0 0 2950902
0 304 1729243432 294868 16 2755671 0 0 2948884
0 217 1729243432 310888 16 2759445 0 0 2763301
0 552 1729243432 326807 16 2763219 0 0 2947498
0 607 1729243432 342798 16 2766994 0 0 2950413
0 264 1729243432 374739 16 2770768 0 0 2950638
0 266 1729243432 390736 16 2774542 0 0 2766747
0 613 1729243432 406732 16 2778316 0 0 2951203
0 536 1729243432 422734 16 2782090 0 0 2950672
0 199 1729243432 454729 16 2785865 0 0 2948849
0 321 1729243432 470735 16 2789639 0 0 2766388
0 644 1729243432 486728 16 2793413 0 0 2950602
0 518 1729243432 502688 16 2797187 0 0 2951224
0 191 1729243432 534790 16 2800962 0 0 2950272
0 354 1729243432 550737 16 2804735 0 0 2765153
0 655 1729243432 566746 16 2808510 0 0 2950413
0 475 1729243432 582819 16 2812285 0 0 2950234
0 182 1729243432 614815 16 2816059 0 0 2948468
0 427 1729243432 630785 16 2819833 0 0 2764162
0 663 1729243432 646792 16 2823607 0 0 2949103
0 408 1729243432 662784 16 2827381 0 0 2949080
0 192 1729243432 694787 16 2831156 0 0 2949201
0 489 1729243432 710820 16 2834929 0 0 2763836
0 642 1729243432 726800 16 2838703 0 0 2947988
0 333 1729243432 758735 16 2842478 0 0 2947225
0 228 1729243432 774712 16 2846252 0 0 2763432
0 552 1729243432 790696 16 2850026 0 0 2765636
0 584 1729243432 806710 16 2853801 0 0 2950357
0 240 1729243432 838630 16 2857574 0 0 2949245
0 301 1729243432 854849 16 2861349 0 0 2765640
0 628 1729243432 870712 16 2865123 0 0 2760381
0 535 1729243432 886643 16 2868897 0 0 2947908
0 209 1729243432 918604 16 2872671 0 0 2950263
0 348 1729243432 934771 16 2876445 0 0 2765651
0 658 1729243432 950650 16 2880219 0 0 2945746
0 498 1729243432 966742 16 2883994 0 0 2948123
0 197 1729243432 998743 16 2887768 0 0 2945549
0 355 1729243433 14752 16 2891542 0 0 2761686
0 656 1729243433 30719 16 2895316 0 0 2945245
0 461 1729243433 46703 16 2899090 0 0 2950983
0 177 1729243433 78594 16 2902864 0 0 2948169
0 415 1729243433 94739 16 2906639 0 0 2762974
0 665 1729243433 110740 16 2910413 0 0 2943717
0 388 1729243433 126730 16 2914187 0 0 2947501
0 191 1729243433 158690 16 2917962 0 0 2944922
0 490 1729243433 174565 16 2921735 0 0 2762934
0 652 1729243433 190593 16 2925509 0 0 2950119
0 338 1729243433 206583 16 2929284 0 0 2949780
0 217 1729243433 238627 16 2933058 0 0 2949248
0 548 1729243433 254578 16 2936832 0 0 2764349
0 636 1729243433 270596 16 2940607 0 0 2949178
0 276 1729243433 286824 16 2944381 0 0 2952073
0 228 1729243433 318526 16 2948155 0 0 2946918
0 583 1729243433 334708 16 2951929 0 0 2764045
0 576 1729243433 350579 16 2955703 0 0 2943996
0 225 1729243433 382621 16 2959477 0 0 2944089
0 321 1729243433 398657 16 2963252 0 0 2760165
0 650 1729243433 414673 16 2967027 0 0 2759205
0 506 1729243433 430646 16 2970801 0 0 2943367
0 188 1729243433 462688 16 2974575 0 0 2942760
0 380 1729243433 478648 16 2978349 0 0 2758655
0 659 1729243433 494666 16 2982123 0 0 2764757
0 394 1729243433 510670 16 2985897 0 0 2946888
0 198 1729243433 542669 16 2989671 0 0 2950941
0 504 1729243433 558503 16 2993445 0 0 2763674
0 647 1729243433 574504 16 2997219 0 0 2952008
0 307 1729243433 590514 16 3000994 0 0 2952812
0 229 1729243433 622497 16 3004768 0 0 2952950
0 568 1729243433 638468 16 3008542 0 0 2768148
0 602 1729243433 654503 16 3012316 0 0 2953336
0 248 1729243433 670498 16 3016090 0 0 2951608
0 283 1729243433 702469 16 3019865 0 0 2952235
0 623 1729243433 718457 16 3023638 0 0 2768168
0 540 1729243433 734612 16 3027413 0 0 2952814
0 216 1729243433 750477 16 3031187 0 0 2945414
0 323 1729243433 782470 16 3034961 0 0 2948476
0 641 1729243433 798580 16 3038735 0 0 2764469
0 506 1729243433 814553 16 3042509 0 0 2946132
0 191 1729243433 830577 16 3046283 0 0 2946085
0 391 1729243433 862563 16 3050058 0 0 2946435
0 668 1729243433 878554 16 3053832 0 0 2762026
0 410 1729243433 894584 16 3057606 0 0 2946392
0 196 1729243433 926555 16 3061381 0 0 2945426
0 485 1729243433 942469 16 3065155 0 0 2764852
0 652 1729243433 958554 16 3068929 0 0 2763707
0 345 1729243433 974456 16 3072703 0 0 2945997
0 211 1729243434 6431 16 3076477 0 0 2950784
0 548 1729243434 22437 16 3080251 0 0 2766028
0 603 1729243434 38424 16 3084025 0 0 2766344
0 285 1729243434 54442 16 3087800 0 0 2950939
0 255 1729243434 86381 16 3091575 0 0 2950415
0 590 1729243434 102369 16 3095349 0 0 2767081
0 589 1729243434 118454 16 3099123 0 0 2951468
0 235 1729243434 134512 16 3102896 0 0 2947432
0 306 1729243434 166536 16 3106671 0 0 2948146
0 639 1729243434 182511 16 3110445 0 0 2761459
0 500 1729243434 198509 16 3114220 0 0 2946267
0 195 1729243434 214485 16 3117994 0 0 2946451
0 373 1729243434 246476 16 3121768 0 0 2946607
0 649 1729243434 262461 16 3125542 0 0 2762698
0 430 1729243434 278502 16 3129316 0 0 2946969
0 191 1729243434 294501 16 3133090 0 0 2945751
0 435 1729243434 326514 16 3136864 0 0 2947819
0 648 1729243434 342508 16 3140639 0 0 2764749
0 365 1729243434 358455 16 3144413 0 0 2949303
0 196 1729243434 374394 16 3148187 0 0 2949853
0 486 1729243434 406353 16 3151962 0 0 2951316
0 637 1729243434 422376 16 3155735 0 0 2766672
0 290 1729243434 438369 16 3159510 0 0 2950466
0 232 1729243434 454401 16 3163284 0 0 2950281
0 552 1729243434 486325 16 3167057 0 0 2950390
0 626 1729243434 502311 16 3170832 0 0 2766578
0 283 1729243434 518436 16 3174606 0 0 2951204
0 261 1729243434 550425 16 3178380 0 0 2948209
0 605 1729243434 566371 16 3182155 0 0 2762819
0 564 1729243434 582427 16 3185928 0 0 2762460
0 238 1729243434 598365 16 3189703 0 0 2945362
0 321 1729243434 630416 16 3193477 0 0 2947227
0 654 1729243434 646408 16 3197251 0 0 2762495
0 503 1729243434 662423 16 3201025 0 0 2763513
0 192 1729243434 678334 16 3204800 0 0 2947055
0 379 1729243434 710439 16 3208574 0 0 2948793
0 668 1729243434 726437 16 3212348 0 0 2766770
0 438 1729243434 742379 16 3216122 0 0 2950982
0 183 1729243434 758295 16 3219896 0 0 2951172
0 417 1729243434 790394 16 3223671 0 0 2954404
0 658 1729243434 806289 16 3227444 0 0 2768076
0 382 1729243434 822304 16 3231218 0 0 2955081
0 193 1729243434 838272 16 3234993 0 0 2954649
0 476 1729243434 870331 16 3238767 0 0 2955635
0 649 1729243434 886298 16 3242542 0 0 2769006
0 317 1729243434 902231 16 3246316 0 0 2954648
0 228 1729243434 918320 16 3250090 0 0 2956151
0 543 1729243434 950367 16 3253864 0 0 2952772
0 619 1729243434 966369 16 3257638 0 0 2766181
0 296 1729243434 982381 16 3261413 0 0 2951127
0 270 1729243434 998368 16 3265188 0 0 2948514
0 602 1729243435 30340 16 3268962 0 0 2949061
0 547 1729243435 46359 16 3272736 0 0 2764206
0 228 1729243435 62341 16 3276510 0 0 2948337
0 327 1729243435 78356 16 3280283 0 0 2947893
0 640 1729243435 110381 16 3284058 0 0 2946095
0 486 1729243435 126356 16 3287832 0 0 2763713
0 200 1729243435 142358 16 3291607 0 0 2948935
0 369 1729243435 174232 16 3295381 0 0 2948837
0 653 1729243435 190249 16 3299155 0 0 2765467
0 448 1729243435 206246 16 3302928 0 0 2764678
0 191 1729243435 222210 16 3306703 0 0 2948961
0 392 1729243435 254230 16 3310477 0 0 2950229
0 642 1729243435 270239 16 3314251 0 0 2765520
0 412 1729243435 286181 16 3318025 0 0 2765560
0 191 1729243435 302232 16 3321800 0 0 2951420
0 459 1729243435 334298 16 3325574 0 0 2949575
0 650 1729243435 350294 16 3329348 0 0 2764964
0 370 1729243435 366301 16 3333122 0 0 2948605
0 214 1729243435 382315 16 3336896 0 0 2948933
0 533 1729243435 414288 16 3340670 0 0 2948444
0 619 1729243435 430270 16 3344444 0 0 2763491
0 276 1729243435 446263 16 3348218 0 0 2948298
0 247 1729243435 462292 16 3351993 0 0 2948765
0 623 1729243435 494313 16 3355767 0 0 2946659
0 572 1729243435 510315 16 3359541 0 0 2763432
0 222 1729243435 526307 16 3363315 0 0 2948042
0 280 1729243435 542307 16 3367090 0 0 2948232
0 637 1729243435 574162 16 3370863 0 0 2948296
0 517 1729243435 590182 16 3374638 0 0 2765228
0 198 1729243435 606174 16 3378412 0 0 2948890
0 347 1729243435 622135 16 3382187 0 0 2948757
0 644 1729243435 654180 16 3385961 0 0 2949399
0 484 1729243435 670166 16 3389735 0 0 2765529
0 192 1729243435 686123 16 3393509 0 0 2950250
0 416 1729243435 702099 16 3397283 0 0 2951289
0 661 1729243435 734223 16 3401057 0 0 2951561
0 453 1729243435 750241 16 3404832 0 0 2766719
0 203 1729243435 766248 16 3408606 0 0 2949694
0 483 1729243435 798245 16 3412380 0 0 2949993
0 653 1729243435 814138 16 3416155 0 0 2765500
0 374 1729243435 830206 16 3419929 0 0 2767080
0 198 1729243435 846220 16 3423703 0 0 2950057
0 502 1729243435 878225 16 3427477 0 0 2949412
0 638 1729243435 894238 16 3431251 0 0 2764113
0 342 1729243435 910117 16 3435025 0 0 2763260
0 205 1729243435 926237 16 3438800 0 0 2951106
0 524 1729243435 958162 16 3442574 0 0 2948777
0 612 1729243435 974108 16 3446348 0 0 2765094
0 303 1729243435 990074 16 3450122 0 0 2950553
0 239 1729243436 6070 16 3453896 0 0 2948857
0 564 1729243436 38097 16 3457670 0 0 2950509
0 597 1729243436 54087 16 3461445 0 0 2766447
0 247 1729243436 70072 16 3465218 0 0 2950886
0 298 1729243436 86045 16 3468993 0 0 2951629
0 628 1729243436 118062 16 3472767 0 0 2949345
0 527 1729243436 134170 16 3476541 0 0 2767713
0 212 1729243436 150174 16 3480315 0 0 2949086
0 371 1729243436 166154 16 3484089 0 0 2947746
0 651 1729243436 198088 16 3487864 0 0 2947520
0 459 1729243436 214034 16 3491637 0 0 2763483
0 197 1729243436 230131 16 3495412 0 0 2949213
0 416 1729243436 246017 16 3499186 0 0 2946859
0 659 1729243436 281438 16 3502960 0 0 2949060
0 427 1729243436 300568 16 3506734 0 0 2746362
0 185 1729243436 311307 16 3510509 0 0 2870517
0 429 1729243436 326062 16 3514283 0 0 3053542
0 656 1729243436 361490 16 3518057 0 0 3084732
0 389 1729243436 374095 16 3521831 0 0 2882065
0 198 1729243436 390069 16 3525606 0 0 3165400
0 446 1729243436 421984 16 3529380 0 0 3164654
0 660 1729243436 438008 16 3533154 0 0 2983088
0 363 1729243436 454096 16 3536928 0 0 2979891
0 196 1729243436 470052 16 3540702 0 0 3179951
0 490 1729243436 502037 16 3544476 0 0 3241187
0 651 1729243436 518086 16 3548251 0 0 2876491
0 336 1729243436 534106 16 3552025 0 0 2844268
0 223 1729243436 550118 16 3555799 0 0 3045916
0 545 1729243436 582114 16 3559573 0 0 2946250
0 624 1729243436 598111 16 3563348 0 0 2761445
0 290 1729243436 614114 16 3567122 0 0 2945301
0 243 1729243436 630099 16 3570896 0 0 2945783
0 577 1729243436 662138 16 3574671 0 0 2948243
0 601 1729243436 678127 16 3578444 0 0 2762676
0 259 1729243436 694145 16 3582218 0 0 2947072
0 278 1729243436 710132 16 3585993 0 0 2947881
0 608 1729243436 742022 16 3589767 0 0 2948640
0 546 1729243436 758020 16 3593541 0 0 2765275
0 221 1729243436 774007 16 3597315 0 0 2949526
0 296 1729243436 789942 16 3601090 0 0 2949855
0 637 1729243436 821979 16 3604863 0 0 2951329
0 508 1729243436 838108 16 3608638 0 0 2766444
0 200 1729243436 853952 16 3612412 0 0 2948047
0 353 1729243436 869945 16 3616186 0 0 2951422
0 643 1729243436 901902 16 3619961 0 0 2951998
0 448 1729243436 918006 16 3623734 0 0 2767620
0 195 1729243436 933948 16 3627509 0 0 2948978
0 413 1729243436 950029 16 3631283 0 0 2950273
0 653 1729243436 982030 16 3635057 0 0 2948019
0 402 1729243436 997899 16 3638831 0 0 2762331
0 203 1729243437 14029 16 3642605 0 0 2949815
0 466 1729243437 45962 16 3646380 0 0 2949889
0 644 1729243437 62045 16 3650154 0 0 2762369
0 370 1729243437 78037 16 3653928 0 0 2760208
0 218 1729243437 94017 16 3657702 0 0 2944471
0 519 1729243437 125940 16 3661476 0 0 2947215
0 624 1729243437 141895 16 3665250 0 0 2762042
0 298 1729243437 158031 16 3669024 0 0 2764938
0 239 1729243437 173889 16 3672799 0 0 2946211
0 578 1729243437 205855 16 3676573 0 0 2946469
0 572 1729243437 221844 16 3680348 0 0 2765310
0 256 1729243437 237881 16 3684121 0 0 2949357
0 276 1729243437 253887 16 3687895 0 0 2950408
0 625 1729243437 285825 16 3691669 0 0 2950086
0 530 1729243437 301827 16 3695444 0 0 2765754
0 211 1729243437 317963 16 3699218 0 0 2949541
0 326 1729243437 333881 16 3702993 0 0 2945492
0 638 1729243437 365956 16 3706767 0 0 2950400
0 487 1729243437 381856 16 3710541 0 0 2762391
0 196 1729243437 397944 16 3714315 0 0 2948742
0 387 1729243437 413857 16 3718089 0 0 2946570
0 658 1729243437 445950 16 3721864 0 0 2949533
0 440 1729243437 461951 16 3725638 0 0 2764860
0 205 1729243437 477959 16 3729412 0 0 2948708
0 449 1729243437 493950 16 3733186 0 0 2948570
0 653 1729243437 525932 16 3736961 0 0 2951884
0 384 1729243437 541948 16 3740734 0 0 2765763
0 203 1729243437 557810 16 3744509 0 0 2950201
0 486 1729243437 589774 16 3748283 0 0 2951089
0 647 1729243437 605757 16 3752057 0 0 2769035
0 358 1729243437 621783 16 3755831 0 0 2767314
0 206 1729243437 637790 16 3759606 0 0 2951625
0 528 1729243437 669770 16 3763379 0 0 2951389
0 612 1729243437 685815 16 3767154 0 0 2767460
0 303 1729243437 701756 16 3770928 0 0 2766122
0 233 1729243437 717791 16 3774702 0 0 2951708
0 569 1729243437 749883 16 3778476 0 0 2951174
0 612 1729243437 765884 16 3782250 0 0 2763162
0 272 1729243437 781883 16 3786024 0 0 2947209
0 248 1729243437 797922 16 3789799 0 0 2946938
0 572 1729243437 829845 16 3793573 0 0 2946542
0 593 1729243437 845822 16 3797347 0 0 2762968
0 253 1729243437 861902 16 3801121 0 0 2947612
0 249 1729243437 877869 16 3804895 0 0 2946812
0 580 1729243437 909915 16 3808669 0 0 2946209
0 600 1729243437 925808 16 3812444 0 0 2762521
0 280 1729243437 941901 16 3816218 0 0 2949808
0 275 1729243437 957782 16 3819992 0 0 2947701
0 585 1729243437 989769 16 3823767 0 0 2950440
0 577 1729243438 5756 16 3827541 0 0 2767134
0 265 1729243438 21735 16 3831314 0 0 2951169
0 268 1729243438 37705 16 3835089 0 0 2951220
0 613 1729243438 69688 16 3838863 0 0 2953746
0 566 1729243438 85715 16 3842637 0 0 2768805
0 238 1729243438 101776 16 3846412 0 0 2952775
0 287 1729243438 117768 16 3850186 0 0 2948894
0 595 1729243438 149789 16 3853961 0 0 2951306
0 552 1729243438 165813 16 3857734 0 0 2763999
0 224 1729243438 181813 16 3861508 0 0 2947649
0 300 1729243438 213789 16 3865283 0 0 2947545
0 610 1729243438 229755 16 3869057 0 0 2762824
0 537 1729243438 245790 16 3872830 0 0 2762818
0 224 1729243438 261809 16 3876606 0 0 2946388
0 334 1729243438 293757 16 3880380 0 0 2946474
0 615 1729243438 309746 16 3884154 0 0 2763897
0 510 1729243438 325794 16 3887928 0 0 2763868
0 226 1729243438 341725 16 3891702 0 0 2947213
0 351 1729243438 373680 16 3895476 0 0 2949361
0 643 1729243438 389778 16 3899250 0 0 2765246
0 493 1729243438 405695 16 3903025 0 0 2947238
0 213 1729243438 421653 16 3906799 0 0 2948473
0 398 1729243438 453686 16 3910573 0 0 2950053
0 656 1729243438 469691 16 3914347 0 0 2766022
0 440 1729243438 485669 16 3918121 0 0 2949885
0 201 1729243438 501750 16 3921895 0 0 2950139
0 428 1729243438 533752 16 3925669 0 0 2949385
0 649 1729243438 549674 16 3929444 0 0 2763548
0 395 1729243438 565747 16 3933218 0 0 2949372
0 202 1729243438 581681 16 3936992 0 0 2949844
0 478 1729243438 613665 16 3940766 0 0 2949449
0 643 1729243438 629725 16 3944540 0 0 2764294
0 344 1729243438 645598 16 3948315 0 0 2947481
0 204 1729243438 661740 16 3952088 0 0 2950447
0 490 1729243438 693727 16 3955863 0 0 2946794
0 638 1729243438 709768 16 3959637 0 0 2764448
0 336 1729243438 725666 16 3963412 0 0 2947844
0 223 1729243438 741627 16 3967185 0 0 2948304
0 530 1729243438 773673 16 3970960 0 0 2950977
0 615 1729243438 789617 16 3974734 0 0 2764908
0 283 1729243438 805539 16 3978508 0 0 2950388
0 255 1729243438 837612 16 3982282 0 0 2953473
0 574 1729243438 853635 16 3986056 0 0 2765926
0 593 1729243438 869635 16 3989830 0 0 2768542
0 251 1729243438 885540 16 3993605 0 0 2952842
0 287 1729243438 917699 16 3997379 0 0 2955888
0 617 1729243438 933693 16 4001154 0 0 2768482
0 556 1729243438 949696 16 4004927 0 0 2767524
0 233 1729243438 965690 16 4008702 0 0 2952095
0 309 1729243438 997661 16 4012476 0 0 2950938
0 620 1729243439 13721 16 4016250 0 0 2765023
0 510 1729243439 29664 16 4020024 0 0 2948343
0 214 1729243439 45682 16 4023799 0 0 2950287
0 323 1729243439 77682 16 4027574 0 0 2949873
0 640 1729243439 93653 16 4031348 0 0 2763394
0 503 1729243439 109675 16 4035121 0 0 2949106
0 200 1729243439 125671 16 4038895 0 0 2948559
0 397 1729243439 157505 16 4042669 0 0 2948623
0 662 1729243439 173431 16 4046444 0 0 2765217
0 447 1729243439 189361 16 4050218 0 0 2951040
0 200 1729243439 205318 16 4053993 0 0 2954134
0 434 1729243439 237195 16 4057766 0 0 2953614
0 638 1729243439 253118 16 4061540 0 0 2770364
0 346 1729243439 269091 16 4065315 0 0 2956522
0 210 1729243439 285039 16 4069089 0 0 2956573
0 496 1729243439 317030 16 4072862 0 0 2958183
0 635 1729243439 332980 16 4076637 0 0 2773914
0 331 1729243439 348917 16 4080412 0 0 2958435
0 234 1729243439 380732 16 4084186 0 0 2958179
0 550 1729243439 396729 16 4087959 0 0 2773207
0 590 1729243439 412736 16 4091733 0 0 2772381
0 282 1729243439 428666 16 4095508 0 0 2955884
0 251 1729243439 460540 16 4099282 0 0 2955623
0 583 1729243439 476473 16 4103056 0 0 2771451
0 570 1729243439 492434 16 4106830 0 0 2771897
0 242 1729243439 508275 16 4110605 0 0 2957072
0 310 1729243439 540159 16 4114379 0 0 2959518
0 615 1729243439 556127 16 4118153 0 0 2774454
0 501 1729243439 572027 16 4121927 0 0 2958448
0 204 1729243439 587981 16 4125701 0 0 2960696
0 384 1729243439 619843 16 4129475 0 0 2961823
0 645 1729243439 635750 16 4133250 0 0 2776773
0 390 1729243439 651792 16 4137024 0 0 2962477
0 209 1729243439 667702 16 4140798 0 0 2959962
0 476 1729243439 699661 16 4144573 0 0 2961146
0 649 1729243439 715607 16 4148346 0 0 2773357
0 342 1729243439 731542 16 4152120 0 0 2958212
0 209 1729243439 763484 16 4155895 0 0 2959075
0 536 1729243439 779470 16 4159669 0 0 2772814
0 611 1729243439 795445 16 4163443 0 0 2772075
0 283 1729243439 811464 16 4167218 0 0 2956179
0 250 1729243439 843471 16 4170991 0 0 2953490
0 591 1729243439 859466 16 4174766 0 0 2770186
0 574 1729243439 875394 16 4178541 0 0 2768216
0 238 1729243439 891422 16 4182315 0 0 2953972
0 305 1729243439 923319 16 4186089 0 0 2952080
0 624 1729243439 939317 16 4189863 0 0 2766796
0 507 1729243439 955325 16 4193637 0 0 2950785
0 210 1729243439 971323 16 4197412 0 0 2950376
0 365 1729243440 3448 16 4201186 0 0 2949747
0 641 1729243440 19319 16 4204960 0 0 2765287
0 439 1729243440 35306 16 4208734 0 0 2952552
0 200 1729243440 51390 16 4212508 0 0 2952639
0 439 1729243440 83393 16 4216282 0 0 2949048
0 635 1729243440 99393 16 4220056 0 0 2765397
0 345 1729243440 115388 16 4223830 0 0 2949079
0 213 1729243440 131395 16 4227605 0 0 2949246
0 509 1729243440 163342 16 4231379 0 0 2949172
0 623 1729243440 179402 16 4235153 0 0 2765154
0 320 1729243440 195396 16 4238927 0 0 2948771
0 240 1729243440 211396 16 4242701 0 0 2945914
0 560 1729243440 243388 16 4246475 0 0 2945614
0 603 1729243440 259392 16 4250249 0 0 2763308
0 262 1729243440 275336 16 4254024 0 0 2947608
0 264 1729243440 291301 16 4257798 0 0 2948902
0 605 1729243440 323246 16 4261572 0 0 2949497
0 534 1729243440 339255 16 4265346 0 0 2765699
0 217 1729243440 355227 16 4269120 0 0 2949463
0 351 1729243440 387255 16 4272894 0 0 2951486
0 642 1729243440 403220 16 4276669 0 0 2766958
0 488 1729243440 419202 16 4280443 0 0 2767766
0 202 1729243440 435244 16 4284217 0 0 2952412
0 392 1729243440 467341 16 4287992 0 0 2951539
0 648 1729243440 483345 16 4291766 0 0 2765411
0 440 1729243440 499309 16 4295539 0 0 2764413
0 199 1729243440 515323 16 4299314 0 0 2949302
0 443 1729243440 547325 16 4303088 0 0 2949187
0 645 1729243440 563374 16 4306863 0 0 2764301
0 367 1729243440 579354 16 4310637 0 0 2947565
0 217 1729243440 595337 16 4314412 0 0 2947316
0 505 1729243440 627327 16 4318185 0 0 2947195
0 619 1729243440 643329 16 4321959 0 0 2763843
0 310 1729243440 659207 16 4325733 0 0 2948631
0 242 1729243440 675214 16 4329508 0 0 2951751
0 557 1729243440 707212 16 4333283 0 0 2950759
0 577 1729243440 723198 16 4337056 0 0 2766766
0 235 1729243440 739168 16 4340830 0 0 2951329
0 336 1729243440 755135 16 4344605 0 0 2953245
0 646 1729243440 787163 16 4348379 0 0 2953447
0 471 1729243440 803159 16 4352153 0 0 2768715
0 199 1729243440 819145 16 4355927 0 0 2953027
0 440 1729243440 835236 16 4359701 0 0 2953395
0 641 1729243440 867170 16 4363475 0 0 2948381
0 382 1729243440 883269 16 4367249 0 0 2764548
0 221 1729243440 899214 16 4371023 0 0 2946596
0 530 1729243440 931275 16 4374798 0 0 2947643
0 622 1729243440 947248 16 4378573 0 0 2762273
0 288 1729243440 963286 16 4382346 0 0 2762037
0 276 1729243440 979176 16 4386120 0 0 2945602
0 602 1729243441 11237 16 4389894 0 0 2948061
0 537 1729243441 27228 16 4393669 0 0 2763159
0 212 1729243441 43185 16 4397443 0 0 2765451
0 343 1729243441 59211 16 4401217 0 0 2950340
0 645 1729243441 91134 16 4404991 0 0 2952009
0 423 1729243441 107124 16 4408766 0 0 2766856
0 196 1729243441 123129 16 4412539 0 0 2951568
0 469 1729243441 139095 16 4416314 0 0 2951025
0 630 1729243441 171097 16 4420088 0 0 2952683
0 325 1729243441 187130 16 4423862 0 0 2765843
0 245 1729243441 203065 16 4427636 0 0 2949664
0 559 1729243441 219096 16 4431411 0 0 2951058
0 592 1729243441 251205 16 4435185 0 0 2949352
0 260 1729243441 267131 16 4438959 0 0 2765047
0 314 1729243441 283195 16 4442733 0 0 2950543
0 625 1729243441 299067 16 4446507 0 0 2948942
0 494 1729243441 331058 16 4450281 0 0 2951932
0 214 1729243441 347180 16 4454055 0 0 2766921
0 441 1729243441 363181 16 4457830 0 0 2948518
0 643 1729243441 379094 16 4461605 0 0 2949351
0 402 1729243441 411202 16 4465379 0 0 2949765
0 206 1729243441 427164 16 4469153 0 0 2765580
0 499 1729243441 443174 16 4472927 0 0 2951361
0 620 1729243441 459158 16 4476701 0 0 2949418
0 286 1729243441 491082 16 4480476 0 0 2951353
0 251 1729243441 507060 16 4484250 0 0 2764542
0 581 1729243441 523072 16 4488024 0 0 2949275
0 550 1729243441 555011 16 4491798 0 0 2951691
0 224 1729243441 571094 16 4495572 0 0 2767691
0 323 1729243441 587042 16 4499346 0 0 2763774
0 635 1729243441 603044 16 4503120 0 0 2949873
0 483 1729243441 635158 16 4506895 0 0 2949047
0 200 1729243441 651161 16 4510669 0 0 2764346
0 416 1729243441 667111 16 4514443 0 0 2763810
0 645 1729243441 683076 16 4518217 0 0 2948804
0 408 1729243441 715077 16 4521991 0 0 2949105
0 215 1729243441 731092 16 4525766 0 0 2765147
0 481 1729243441 747135 16 4529540 0 0 2948727
0 621 1729243441 763063 16 4533314 0 0 2949641
0 317 1729243441 795211 16 4537088 0 0 2950105
0 247 1729243441 811146 16 4540862 0 0 2764928
0 578 1729243441 826977 16 4544636 0 0 2951363
0 555 1729243441 843063 16 4548411 0 0 2955465
0 225 1729243441 875008 16 4552185 0 0 2952339
0 344 1729243441 890980 16 4555959 0 0 2767571
0 636 1729243441 906990 16 4559733 0 0 2952452
0 458 1729243441 923050 16 4563507 0 0 2952567
0 212 1729243441 954939 16 4567281 0 0 2952177
0 427 1729243441 970996 16 4571055 0 0 2766876
0 638 1729243441 986986 16 4574829 0 0 2950693
0 349 1729243442 2966 16 4578604 0 0 2949518
0 231 1729243442 35083 16 4582378 0 0 2945946
0 558 1729243442 51064 16 4586152 0 0 2762968
0 602 1729243442 67092 16 4589926 0 0 2947366
0 275 1729243442 83005 16 4593700 0 0 2946076
0 284 1729243442 115062 16 4597475 0 0 2948419
0 614 1729243442 131035 16 4601249 0 0 2765191
0 523 1729243442 147040 16 4605023 0 0 2949450
0 215 1729243442 178977 16 4608798 0 0 2950741
0 380 1729243442 195045 16 4612572 0 0 2766499
0 646 1729243442 211046 16 4616346 0 0 2764478
0 398 1729243442 226964 16 4620120 0 0 2949404
0 223 1729243442 258907 16 4623894 0 0 2950864
0 503 1729243442 274929 16 4627668 0 0 2767559
0 598 1729243442 290938 16 4631443 0 0 2765038
0 291 1729243442 306942 16 4635217 0 0 2949435
0 296 1729243442 338900 16 4638992 0 0 2948818
0 608 1729243442 354851 16 4642765 0 0 2764751
0 524 1729243442 370916 16 4646540 0 0 2949895
0 210 1729243442 386891 16 4650314 0 0 2949964
0 386 1729243442 418890 16 4654088 0 0 2950564
0 645 1729243442 434913 16 4657862 0 0 2764394
0 421 1729243442 450947 16 4661636 0 0 2947813
0 203 1729243442 467035 16 4665411 0 0 2947537
0 484 1729243442 498984 16 4669184 0 0 2945632
0 613 1729243442 514951 16 4672959 0 0 2761692
0 284 1729243442 530955 16 4676733 0 0 2946538
0 256 1729243442 546972 16 4680507 0 0 2945215
0 584 1729243442 578921 16 4684281 0 0 2946315
0 534 1729243442 594975 16 4688056 0 0 2761804
0 217 1729243442 611011 16 4691830 0 0 2944836
0 378 1729243442 626962 16 4695604 0 0 2944538
0 644 1729243442 658963 16 4699378 0 0 2946354
0 391 1729243442 674983 16 4703152 0 0 2764184
0 231 1729243442 690825 16 4706926 0 0 2947658
0 537 1729243442 706875 16 4710700 0 0 2950572
0 596 1729243442 738833 16 4714475 0 0 2949614
0 316 1729243442 754849 16 4718248 0 0 2765921
0 277 1729243442 770805 16 4722023 0 0 2949584
0 605 1729243442 802824 16 4725797 0 0 2951840
0 483 1729243442 818965 16 4729572 0 0 2768330
0 211 1729243442 834835 16 4733346 0 0 2763978
0 377 1729243442 850841 16 4737120 0 0 2951280
0 647 1729243442 882899 16 4740894 0 0 2951602
0 387 1729243442 898892 16 4744668 0 0 2763316
0 211 1729243442 914849 16 4748442 0 0 2764528
0 540 1729243442 930898 16 4752216 0 0 2949605
0 597 1729243442 962840 16 4755991 0 0 2948848
0 261 1729243442 978817 16 4759765 0 0 2763889
0 295 1729243442 994943 16 4763540 0 0 2948855
0 614 1729243443 10792 16 4767314 0 0 2949195
0 513 1729243443 42910 16 4771087 0 0 2949589
0 217 1729243443 58849 16 4774861 0 0 2764772
0 392 1729243443 74920 16 4778636 0 0 2950892
0 644 1729243443 90805 16 4782412 0 0 2949297
0 421 1729243443 122791 16 4786185 0 0 2950873
0 208 1729243443 138748 16 4789959 0 0 2767704
0 490 1729243443 154718 16 4793733 0 0 2952640
0 593 1729243443 170737 16 4797507 0 0 2952704
0 264 1729243443 202708 16 4801281 0 0 2955147
0 284 1729243443 219094 16 4805055 0 0 2767624
0 583 1729243443 234752 16 4808830 0 0 2943992
0 503 1729243443 250759 16 4812604 0 0 2950533
0 220 1729243443 282835 16 4816378 0 0 2951806
0 400 1729243443 298792 16 4820152 0 0 2764522
0 646 1729243443 314758 16 4823926 0 0 2949712
0 424 1729243443 330787 16 4827700 0 0 2949503
0 214 1729243443 362750 16 4831474 0 0 2948144
0 509 1729243443 378779 16 4835249 0 0 2764566
0 598 1729243443 394768 16 4839023 0 0 2948010
0 250 1729243443 426690 16 4842797 0 0 2956850
0 316 1729243443 442691 16 4846571 0 0 2764973
0 620 1729243443 458775 16 4850345 0 0 2765111
0 457 1729243443 474777 16 4854119 0 0 2947900
0 213 1729243443 506745 16 4857894 0 0 2946959
0 448 1729243443 522772 16 4861668 0 0 2762081
0 615 1729243443 538748 16 4865442 0 0 2762127
0 315 1729243443 554675 16 4869216 0 0 2946696
0 261 1729243443 586750 16 4872991 0 0 2949150
0 565 1729243443 602660 16 4876765 0 0 2764188
0 568 1729243443 618662 16 4880539 0 0 2950100
0 222 1729243443 634779 16 4884313 0 0 2950077
0 375 1729243443 666789 16 4888087 0 0 2949326
0 641 1729243443 682692 16 4891861 0 0 2764940
0 429 1729243443 698740 16 4895635 0 0 2951280
0 203 1729243443 714720 16 4899410 0 0 2950896
0 479 1729243443 746739 16 4903184 0 0 2950804
0 600 1729243443 766166 16 4906958 0 0 2764630
0 282 1729243443 778721 16 4910732 0 0 2884324
0 308 1729243443 794737 16 4914507 0 0 2983492
0 616 1729243443 826652 16 4918281 0 0 2983170
0 468 1729243443 842691 16 4922055 0 0 2802059
0 220 1729243443 858702 16 4925829 0 0 2985498
0 456 1729243443 874696 16 4929604 0 0 2983094
0 632 1729243443 906648 16 4933378 0 0 2984237
0 336 1729243443 922635 16 4937153 0 0 2799824
0 238 1729243443 938642 16 4940927 0 0 2984511
0 568 1729243443 970690 16 4944701 0 0 3049364
0 575 1729243443 986664 16 4948475 0 0 2763557
0 254 1729243444 2616 16 4952249 0 0 2764526
0 342 1729243444 18611 16 4956023 0 0 2949421
0 626 1729243444 50603 16 4959797 0 0 2950432
0 422 1729243444 66681 16 4963572 0 0 2766406
0 204 1729243444 82668 16 4967346 0 0 2764479
0 452 1729243444 98658 16 4971119 0 0 2948633
0 637 1729243444 130680 16 4974894 0 0 2948662
0 321 1729243444 146670 16 4978668 0 0 2764419
0 247 1729243444 162671 16 4982442 0 0 2949203
0 573 1729243444 178675 16 4986216 0 0 2948580
0 520 1729243444 210557 16 4989990 0 0 2947379
0 227 1729243444 226511 16 4993765 0 0 2763717
0 419 1729243444 242584 16 4997539 0 0 2948962
0 644 1729243444 258563 16 5001313 0 0 2949076
0 365 1729243444 290532 16 5005087 0 0 2949359
0 240 1729243444 306542 16 5008861 0 0 2764932
0 558 1729243444 322569 16 5012635 0 0 2949105
0 549 1729243444 338541 16 5016410 0 0 2948352
0 245 1729243444 371119 16 5020184 0 0 2949021
0 338 1729243444 386553 16 5023958 0 0 2761566
0 623 1729243444 402496 16 5027732 0 0 2958628
0 444 1729243444 418534 16 5031506 0 0 2958883
0 211 1729243444 450507 16 5035280 0 0 2959684
0 447 1729243444 466654 16 5039055 0 0 2775127
0 628 1729243444 482627 16 5042829 0 0 2955870
0 313 1729243444 498626 16 5046603 0 0 2956723
0 259 1729243444 530616 16 5050378 0 0 2957367
0 594 1729243444 546641 16 5054152 0 0 2772501
0 510 1729243444 562643 16 5057926 0 0 2959473
0 216 1729243444 594643 16 5061700 0 0 2945911
0 419 1729243444 610631 16 5065474 0 0 2760316
0 641 1729243444 626612 16 5069248 0 0 2761466
0 394 1729243444 642610 16 5073023 0 0 2946075
0 222 1729243444 674504 16 5076797 0 0 2949476
0 539 1729243444 690487 16 5080571 0 0 2765189
0 597 1729243444 706495 16 5084346 0 0 2765558
0 264 1729243444 722469 16 5088120 0 0 2949593
0 283 1729243444 754467 16 5091894 0 0 2950768
0 617 1729243444 770475 16 5095668 0 0 2766548
0 494 1729243444 786449 16 5099442 0 0 2950641
0 213 1729243444 802417 16 5103216 0 0 2950965
0 466 1729243444 834557 16 5106991 0 0 2951265
0 615 1729243444 850455 16 5110765 0 0 2766139
0 322 1729243444 866566 16 5114539 0 0 2952169
0 292 1729243444 882538 16 5118313 0 0 2949140
0 598 1729243444 914448 16 5122087 0 0 2949970
0 534 1729243444 930561 16 5125861 0 0 2765612
0 213 1729243444 946541 16 5129635 0 0 2947293
0 400 1729243444 962548 16 5133410 0 0 2948037
0 629 1729243444 994579 16 5137184 0 0 2947276
0 327 1729243445 10550 16 5140958 0 0 2761984
0 243 1729243445 26547 16 5144732 0 0 2947733
0 591 1729243445 42538 16 5148506 0 0 2945437
0 539 1729243445 74428 16 5152280 0 0 2948184
0 214 1729243445 90408 16 5156054 0 0 2763896
0 377 1729243445 106379 16 5159829 0 0 2948213
0 634 1729243445 122396 16 5163603 0 0 2951467
0 426 1729243445 154537 16 5167377 0 0 2950516
0 242 1729243445 170401 16 5171152 0 0 2765641
0 536 1729243445 186416 16 5174925 0 0 2953157
0 555 1729243445 218399 16 5178700 0 0 2952240
0 255 1729243445 234460 16 5182474 0 0 2767992
0 359 1729243445 250495 16 5186248 0 0 2766385
0 630 1729243445 266467 16 5190022 0 0 2949222
0 352 1729243445 298455 16 5193797 0 0 2949407
0 235 1729243445 314456 16 5197571 0 0 2764529
0 553 1729243445 330458 16 5201345 0 0 2764898
0 582 1729243445 346455 16 5205119 0 0 2949889
0 244 1729243445 378457 16 5208893 0 0 2946897
0 393 1729243445 394419 16 5212667 0 0 2762855
0 633 1729243445 410437 16 5216442 0 0 2948010
0 382 1729243445 426375 16 5220216 0 0 2948996
0 230 1729243445 458423 16 5223990 0 0 2951234
0 543 1729243445 474364 16 5227765 0 0 2765985
0 607 1729243445 490407 16 5231539 0 0 2951558
0 286 1729243445 506394 16 5235313 0 0 2950593
0 303 1729243445 538329 16 5239088 0 0 2951036
0 624 1729243445 554296 16 5242861 0 0 2767016
0 458 1729243445 570336 16 5246636 0 0 2952164
0 215 1729243445 586332 16 5250410 0 0 2950270
0 445 1729243445 618415 16 5254184 0 0 2950776
0 617 1729243445 634398 16 5257958 0 0 2764589
0 302 1729243445 650315 16 5261732 0 0 2949485
0 298 1729243445 666424 16 5265506 0 0 2950043
0 615 1729243445 698401 16 5269280 0 0 2948537
0 450 1729243445 714273 16 5273054 0 0 2763995
0 226 1729243445 730399 16 5276829 0 0 2951017
0 511 1729243445 746398 16 5280603 0 0 2947277
0 587 1729243445 778411 16 5284377 0 0 2948220
0 277 1729243445 794427 16 5288151 0 0 2763775
0 296 1729243445 810400 16 5291925 0 0 2948161
0 614 1729243445 842426 16 5295700 0 0 2948490
0 442 1729243445 858305 16 5299473 0 0 2762092
0 214 1729243445 874310 16 5303248 0 0 2767493
0 463 1729243445 890311 16 5307022 0 0 2951523
0 613 1729243445 922232 16 5310796 0 0 2948429
0 292 1729243445 938227 16 5314571 0 0 2767536
0 290 1729243445 954236 16 5318345 0 0 2767628
0 614 1729243445 970208 16 5322118 0 0 2951676
0 534 1729243446 2235 16 5325893 0 0 2952788
0 243 1729243446 18257 16 5329667 0 0 2767634
0 425 1729243446 34371 16 5333441 0 0 2951604
0 621 1729243446 50381 16 5337215 0 0 2946090
0 319 1729243446 82346 16 5340990 0 0 2946072
0 276 1729243446 98349 16 5344764 0 0 2762020
0 570 1729243446 114326 16 5348538 0 0 2945723
0 509 1729243446 130345 16 5352312 0 0 2946138
0 213 1729243446 162383 16 5356086 0 0 2946006
0 394 1729243446 178262 16 5359860 0 0 2760766
0 627 1729243446 194356 16 5363635 0 0 2948106
0 349 1729243446 210231 16 5367409 0 0 2946459
0 276 1729243446 242217 16 5371183 0 0 2951969
0 589 1729243446 258228 16 5374958 0 0 2767953
0 526 1729243446 274221 16 5378732 0 0 2951776
0 239 1729243446 290204 16 5382506 0 0 2952006
0 395 1729243446 322164 16 5386280 0 0 2951868
0 633 1729243446 338204 16 5390054 0 0 2768258
0 422 1729243446 354207 16 5393829 0 0 2951932
0 219 1729243446 370201 16 5397604 0 0 2949054
0 514 1729243446 402209 16 5401377 0 0 2951247
0 592 1729243446 418282 16 5405151 0 0 2764022
0 276 1729243446 434296 16 5408925 0 0 2946496
0 346 1729243446 466202 16 5412699 0 0 2946427
0 630 1729243446 482274 16 5416474 0 0 2762580
0 386 1729243446 498268 16 5420248 0 0 2760537
0 227 1729243446 514269 16 5424022 0 0 2944722
0 540 1729243446 546270 16 5427796 0 0 2945521
0 574 1729243446 562269 16 5431571 0 0 2761258
0 242 1729243446 578271 16 5435344 0 0 2761142
0 407 1729243446 594299 16 5439119 0 0 2945517
0 607 1729243446 626266 16 5442893 0 0 2946548
0 374 1729243446 642274 16 5446667 0 0 2762783
0 269 1729243446 658289 16 5450441 0 0 2946284
0 573 1729243446 674194 16 5454215 0 0 2947590
0 516 1729243446 706294 16 5457990 0 0 2949751
0 239 1729243446 722091 16 5461764 0 0 2764923
0 368 1729243446 738127 16 5465538 0 0 2953893
0 633 1729243446 754135 16 5469312 0 0 2953140
0 389 1729243446 786085 16 5473086 0 0 2952905
0 266 1729243446 802121 16 5476860 0 0 2769559
0 605 1729243446 818172 16 5480635 0 0 2952917
